0.0000000000
0.0000000000
0.0000000000
0.0000000000
0.0000000041
0.0000693316
0.1652565820
0.4673742380
0.1588173124
0.2425696554
0.8681989067
0.8190250322
0.3537165241
0.9136205195
0.2200717392
0.7457208728
0.3307083553
0.2153275521
0.0101679098
0.8920596314
0.8462254059
0.5103976051
0.2525491937
0.5942990364
0.3839043203
0.2799116946
0.4758516386
0.6384895353
0.0936192339
0.4584638430
0.4018085061
0.1955616346
0.8043923627
0.4224401292
0.9512511212
0.6775942708
0.3269085784
0.3524772478
0.0851033413
0.3318567376
0.5161890564
0.5894706339
0.2329437947
0.0863580842
0.4203206564
0.3292723190
0.0798660907
0.3093860706
0.8516882467
0.3243626420
0.5629233586
0.0528886733
0.8999324366
0.1644611397
0.0983753760
0.3949440399
0.8244783888
0.0082800640
0.1630350272
0.1297028927
0.9165174464
0.9087221074
0.8924586625
0.5527401530
0.9037510937
0.3446315856
0.2230589674
0.9520655365
0.3654727684
0.5008193285
0.2704533580
0.5095879850
0.6452645678
0.9615905443
0.4522779410
0.4353548103
0.0082975434
0.4568125941
0.6492683275
0.2527809236
0.4889829843
0.3370164380
0.2352728183
0.2302569808
0.9290770508
0.9979927254
0.2637365059
0.6194551115
0.1820592106
0.8691522513
0.8418884316
0.6188706536
0.3590755428
0.9826476156
0.3584750376
0.8899565019
0.4989275850
0.4759213094
0.8094473022
0.3808079899
0.2398857667
0.7600816729
0.6926755987
0.7987873199
0.2184857185
0.0894701292
0.7244619671
0.0322802172
0.5336105680
0.3928158937
0.0567255105
0.3856552218
0.7073123813
0.7991931785
0.0397505693
0.0878176459
0.9511750619
0.3992654434
0.4543072050
0.5411948078
0.8611344875
0.0873306065
0.7655040398
0.8263962211
0.2412873851
0.3170813857
0.1868494094
0.3780237469
0.4451141601
0.0336889268
0.2097931668
0.9937537527
0.0193217927
0.7413698144
0.2024709090
0.9285679903
0.4422135571
0.2832543871
0.6564846240
0.5370763614
0.6424062113
0.9211935725
0.5003736734
0.7803285251
0.9815214018
0.4302005596
0.3808057810
0.2027605282
0.7961968154
0.6798771203
0.6947613305
0.8536822024
0.8367758945
0.6924591795
0.1614292572
0.1415250677
0.6118127467
0.7368336402
0.9629904778
0.9809600156
0.9949820608
0.6634956912
0.3720813897
0.5719171319
0.2112366697
0.2547070097
0.8607118445
0.9839701456
0.5862373476
0.8911017142
0.7465102246
0.5973445118
0.5692103827
0.7189021649
0.5886849722
0.0283269677
0.0913454837
0.2435451942
0.2640788351
0.3729811224
0.6937234391
0.4098409290
0.1964945422
0.4837709829
0.7389089991
0.8435482159
0.5148641452
0.3216881846
0.6133190690
0.0535924806
0.7288213931
0.3011545842
0.5050958415
0.1458085606
0.6044772758
0.4495736718
0.9847023254
0.8919822139
0.5450690161
0.9749527545
0.0309445849
0.0856388067
0.3314240603
0.2441821998
0.9702320766
0.6905119883
0.4349868414
0.8238429589
0.3286101554
0.9508816327
0.4676010205
0.9703507491
0.6850405488
0.4765031270
0.5880554563
0.4480540275
0.4440408434
0.9944556339
0.8158389294
0.8048871783
0.7388065042
0.1209154275
0.2255893994
0.4810354475
0.7627658339
0.8053698064
0.8503363737
0.6034334127
0.9053669168
0.5017709399
0.2641867818
0.1872411288
0.9616525125
0.4937770437
0.9107742821
0.3833600629
0.1325764060
0.2116550334
0.2861469280
0.2714193985
0.7458301426
0.1672071123
0.2499368252
0.6882207568
0.9262594426
0.6424519785
0.6904032613
0.6076119189
0.1335207339
0.0829742590
0.5483717566
0.4841126065
0.4805780605
0.0754634539
0.3142695159
0.9277531331
0.7469086910
0.2943696639
0.4709405069
0.0970991823
0.9459562201
0.6861907190
0.8074149544
0.2231378620
0.2780470474
0.1367262341
0.9578168860
0.0284029409
0.3682274111
0.7980979903
0.6329224953
0.5283779977
0.4490079418
0.4764777421
0.1614107192
0.8299573075
0.0924679865
0.1094485229
0.5013246946
0.7641420258
0.9350281130
0.0174950445
0.0392127933
0.0494177132
0.5635064732
0.8532942441
0.3163605912
0.0724556029
0.7613174585
0.4625243564
0.6468581829
0.7454795874
0.2754262097
0.0883058637
0.1566507115
0.8285074845
0.7252923110
0.9878715372
0.1569256676
0.4496948252
0.0209279470
0.7360043941
0.0258508016
0.4744226148
0.6208873251
0.2532730285
0.7597892512
0.7779447485
0.9173882249
0.5438956576
0.2543178207
0.3196125478
0.7280900890
0.0101263493
0.1935521397
0.0308121897
0.8604727694
0.9658348834
0.7868847119
0.1713525399
0.9221376539
0.3675499371
0.4117920495
0.9889759841
0.7193644632
0.3585332916
0.8690312606
0.8083962918
0.7164762497
0.8163290889
0.0429976871
0.6621274731
0.3764407297
0.8393445989
0.8646733659
0.5652608967
0.3398916313
0.5586469673
0.1795790880
0.1857325137
0.6063585864
0.0687619093
0.6814089658
0.4404875054
0.2735037381
0.7773262599
0.5224505569
0.8265090869
0.1382231998
0.1173196329
0.7910703654
0.5196313421
0.4439662655
0.7410234654
0.3813837656
0.9169478803
0.1430244518
0.8119607641
0.6245614037
0.0035113689
0.0155774376
0.8099944132
0.5761030248
0.5635373697
0.3725717655
0.8136621332
0.2194732713
0.6872711029
0.9654261186
0.9167756128
0.2477246908
0.5088775052
0.7042305878
0.0034890118
0.6398207317
0.4670382245
0.5114388956
0.7535191718
0.3967199941
0.6729409210
0.1180592849
0.2224020443
0.9111578153
0.8294023575
0.7654217726
0.4437321085
0.8055482364
0.8492094495
0.6632176073
0.6983254273
0.7554562456
0.9531190073
0.0711559866
0.9186664444
0.0269318523
0.6436421182
0.6930798766
0.5934855603
0.7118114871
0.4156642896
0.0697158569
0.7144064281
0.0288366643
0.6578164508
0.9210880982
0.7276669185
0.8978984897
0.9799162381
0.4522145017
0.3691303728
0.9741762550
0.9803184211
0.2117028851
0.0903896467
0.1787922386
0.9611544096
0.1221621270
0.1788686866
0.2460151981
0.7774346259
0.3437572306
0.5277741321
0.2998378344
0.3744823753
0.9252824672
0.2224260043
0.3138538625
0.9418674531
0.9662837916
0.3316857833
0.6429596567
0.2229498524
0.1181700256
0.0836202663
0.4058155639
0.5421832525
0.4739239365
0.2396012171
0.9776563287
0.4699162138
0.8818053783
0.5029924993
0.7949349449
0.4716187582
0.4964690453
0.1552449822
0.2024164616
0.0134697649
0.3863384983
0.1911417311
0.5190751365
0.0958193041
0.4350433541
0.7736521103
0.7710177168
0.4947659898
0.5319897960
0.1525018001
0.0977545302
0.9603883124
0.2463661688
0.6761994625
0.8843665811
0.5491279124
0.1928242635
0.7973958155
0.8314718110
0.5467274524
0.8482918419
0.2409873115
0.2737444564
0.8230788227
0.4857729947
0.3867225976
0.6466978336
0.0504888995
0.5669341267
0.4618678665
0.6132330205
0.6073762931
0.1733583236
0.6333448434
0.6267832663
0.3463572572
0.2264221986
0.4778912994
0.9190687568
0.7885960886
0.9344617653
0.4988886601
0.8217100894
0.4814725794
0.1096427959
0.7664713967
0.0847645028
0.6369991473
0.0446689665
0.7513199036
0.4336193251
0.8399976157
0.8399265314
0.6452137772
0.1079536526
0.3770398756
0.9091894401
0.7469198165
0.4813561776
0.1532765902
0.1196521713
0.9940437978
0.8941099114
0.3052803315
0.8465318047
0.6600409640
0.3084826586
0.6680438395
0.8128100584
0.8986508561
0.6249378803
0.3309548204
0.3576661939
0.2957203901
0.1725963236
0.8264101734
0.4757849740
0.5180577077
0.9958930310
0.9741719767
0.9084125529
0.6897770997
0.0837141508
0.9837330373
0.6011577342
0.6580393953
0.6681159728
0.0251548888
0.7782159306
0.4751449217
0.7606983664
0.0574437138
0.4564982183
0.3655544940
0.8743812512
0.7256896539
0.6660125162
0.6723600218
0.3548857093
0.5641163880
0.1041336574
0.1743793794
0.7942294838
0.6149334729
0.1868788957
0.8736002095
0.5987219048
0.7190541185
0.1425691573
0.1598260520
0.1964567189
0.8480741399
0.5820695580
0.8430620026
0.3430780804
0.1132972975
0.1876782900
0.3090207015
0.7109301160
0.6024604047
0.5520216086
0.8271762600
0.3514019040
0.0118000287
0.3230816773
0.0337507172
0.2483034524
0.2361251111
0.5547421369
0.5510951100
0.2555139165
0.4223952739
0.1973692544
0.1850587657
0.2826754615
0.9264822585
0.3873186746
0.6649642111
0.0534955738
0.1001090713
0.5331613608
0.8429913938
0.1563559269
0.8740635578
0.3862166080
0.1425308802
0.5165032683
0.8704297077
0.3120973294
0.4198155126
0.8393197642
0.4472775630
0.3940005567
0.9673563193
0.3576581495
0.1605188829
0.8408644559
0.4089106426
0.5611696986
0.5791244528
0.3446788400
0.0172643675
0.1622251224
0.5176314636
0.8320093000
0.5803053633
0.1922407298
0.9899465124
0.0310343551
0.5944062722
0.1862163958
0.7389649907
0.7845985595
0.7479893072
0.4562860641
0.7998792479
0.5705194247
0.7199707545
0.5484708342
0.1493096276
0.4469102954
0.2213354191
0.9843894486
0.6334632973
0.6176384470
0.6493795255
0.1216845180
0.1516933814
0.5106619369
0.6951731507
0.7751430451
0.8291582206
0.6622128982
0.8121804660
0.3170913342
0.3540540411
0.5862687082
0.4181783348
0.3232728987
0.2476091427
0.5668607030
0.2278353109
0.2280701406
0.1748534949
0.7626894101
0.5209158668
0.0329735788
0.1869385317
0.8759016756
0.2794612826
0.9057764082
0.3840932105
0.4545882584
0.2648596493
0.4961254455
0.3803617880
0.7405706975
0.7717121206
0.1656101016
0.4089770414
0.6771346259
0.6016580905
0.0675268465
0.9237099126
0.7925010195
0.5646355053
0.8289378220
0.9579738633
0.6667198318
0.5602138226
0.5137170171
0.0419068836
0.3289933481
0.3912008948
0.9134388298
0.1664123666
0.8926459992
0.7013090495
0.9011954624
0.3921367240
0.6419199684
0.7489085767
0.9064487940
0.6848812704
0.7995110095
0.3815363072
0.4807156692
0.3882524208
0.3584368994
0.2489680550
0.4061011563
0.3421346500
0.2570622980
0.4460425470
0.6370869531
0.5204200373
0.6995661407
0.6081275559
0.7998325712
0.7860248368
0.7194323252
0.4990896494
0.1997373713
0.9859999492
0.7011461505
0.1633506336
0.4340988853
0.8999644297
0.7021697607
0.3671679231
0.9912832846
0.4981643346
0.6479717374
0.4609904262
0.8660934751
0.4330359499
0.0352091558
0.7602817559
0.0554708095
0.2978945756
0.7141325474
0.4257234673
0.1343155152
0.4408638022
0.5979242544
0.3129443577
0.6558196510
0.3608743171
0.2146479768
0.5885457223
0.6879548183
0.4566308431
0.5945806434
0.1168738589
0.2989457729
0.3816046182
0.6288176253
0.5378284956
0.2835255524
0.2139595715
0.0185186981
0.2437590358
0.8581139085
0.3204603982
0.9779127830
0.7801433163
0.8687170562
0.5275634182
0.7583695484
0.9169991809
0.0052330521
0.9519059818
0.6838358231
0.2286782125
0.3947180953
0.0270272959
0.2477630095
0.1529006268
0.8008343571
0.6230397651
0.4293323601
0.7889757642
0.3156694386
0.4562550789
0.2791115369
0.0276009148
0.8885752150
0.2836380375
0.1044962288
0.2681176619
0.2535429644
0.2966025838
0.9996264681
0.7220493460
0.4833581271
0.8000413330
0.2946829040
0.7355680269
0.6918286510
0.5641379994
0.4673554546
0.8431256824
0.4133438593
0.0702439225
0.5896049169
0.4898389113
0.7225824929
0.4439582018
0.6054980199
0.6052206368
0.9432431155
0.0870427826
0.9280477024
0.6977350008
0.8321580898
0.0810152391
0.6231229306
0.8270946395
0.9796056835
0.2327218978
0.3569355050
0.0150317673
0.6389129419
0.2098150627
0.3617583176
0.0720435780
0.8364158259
0.6407866535
0.7012846579
0.4912454715
0.3626395495
0.8829083569
0.0407536520
0.9466299909
0.0102572137
0.3929909447
0.9988073938
0.9558669233
0.2553798096
0.1684596255
0.3009262537
0.6675453675
0.4349918880
0.9086612357
0.8693888250
0.8179825171
0.8321652738
0.2017565508
0.9223490368
0.9202617808
0.8397500911
0.6797819213
0.0947511174
0.4820293804
0.4677958927
0.2455688879
0.2762988252
0.7543544406
0.4350839737
0.4563453223
0.7958325502
0.5576704197
0.7667435905
0.6595259434
0.6525309776
0.0881402757
0.3736133694
0.3198991355
0.5447703509
0.9552868013
0.5052694225
0.0631845526
0.9427763530
0.2421651400
0.0695084996
0.2293525683
0.7286146320
0.8261204336
0.6061270404
0.1771672984
0.6507834276
0.7170678028
0.7585620445
0.1522822922
0.4084852607
0.4117766126
0.7295278077
0.1738643605
0.1383071516
0.5282966145
0.0812002347
0.7323448780
0.5203645503
0.7669976248
0.9290802609
0.0519447802
0.0359210832
0.7256459613
0.9316711368
0.5967969867
0.3669556267
0.4232172049
0.0115635176
0.3480404831
0.5163991540
0.1205816985
0.6166066458
0.3078954224
0.7983649955
0.1204795947
0.9005480075
0.5103626912
0.6657505276
0.2691174989
0.0578045374
0.5208593677
0.0833933487
0.5920112726
0.9334579368
0.6275443413
0.1377447224
0.0755491274
0.7541844978
0.5788545486
0.8083978228
0.7422075175
0.2817472339
0.3257597500
0.0441178372
0.4884890495
0.0354543742
0.8816663945
0.1670931199
0.3340662106
0.6508016727
0.0237137550
0.5570803055
0.8486941159
0.0020066061
0.7250282519
0.5498289412
0.9750143753
0.0666050939
0.4318130686
0.4822438870
0.0730081220
0.0475070899
0.4516601528
0.0521878794
0.1216890160
0.2272920730
0.0978709320
0.9167545181
0.8931853942
0.7669201675
0.6272558170
0.2885165474
0.0976123624
0.5709741766
0.3629867680
0.7186101443
0.6806955608
0.4502901081
0.0258464517
0.4013134424
0.8750266174
0.5723583851
0.6273781002
0.3437308974
0.0851929506
0.8379200702
0.9226203211
0.4797361211
0.9249867347
0.2520504024
0.2111129550
0.1754342783
0.5239153204
0.4447897845
0.5819076044
0.1211073937
0.4519662248
0.1963400620
0.8874218965
0.8998138396
0.1712022854
0.3968099337
0.1845552283
0.8197220464
0.0684335500
0.1626740326
0.0624666531
0.8770389619
0.3938322693
0.1389503706
0.3388790577
0.5403223333
0.1974554661
0.6340179733
0.9400779866
0.8907206900
0.3426375081
0.7085989970
0.4233428464
0.1232187078
0.9368222684
0.1718646707
0.5295209663
0.6588801994
0.7995111477
0.3838596383
0.5289412372
0.9153733114
0.6792447948
0.0672660349
0.5402485381
0.9571793020
0.3125293487
0.6807637094
0.5956637185
0.3201164237
0.1967324186
0.4817600701
0.9414975317
0.7490160534
0.7128091813
0.1839107456
0.9879009159
0.6506942389
0.2180735160
0.1615826146
0.7190028212
0.2804163198
0.9570875746
0.7708665527
0.9541504354
0.4063682329
0.8308910182
0.7853430581
0.2607777150
0.8910559347
0.9770950937
0.0372393284
0.8813919780
0.5549745846
0.4578425501
0.9597394641
0.3411728266
0.0916965964
0.1446960952
0.9072713364
0.5093505781
0.6551662951
0.3799215982
0.3423009034
0.0512826657
0.9077631632
0.7754845026
0.5680351025
0.9659669492
0.0065144490
0.4883435728
0.5904281373
0.3257043910
0.1136994939
0.9473937604
0.8469311086
0.3711418412
0.7809247032
0.0014870798
0.9933494779
0.2246745460
0.1050949464
0.3307643223
0.1559640764
0.2882325253
0.3240533163
0.3640864997
0.2018010815
0.6707760465
0.7330142493
0.7704887311
0.6041043073
0.1810921298
0.6154247620
0.4439744643
0.8788212484
0.3487215616
0.9632859620
0.9471640404
0.9860266264
0.1495101628
0.8173068673
0.4765193792
0.8612055264
0.2812813903
0.4963273248
0.7733481965
0.6631378208
0.3573543404
0.0543988194
0.2809576304
0.0548944192
0.6105027552
0.7198069613
0.7955993764
0.6387186127
0.9437244270
0.1764454274
0.5182989685
0.0507642922
0.1954597892
0.0926773594
0.6283798004
0.1793047955
0.5756977492
0.7520710109
0.0574796877
0.0611116574
0.1036262226
0.6459240227
0.0450501129
0.1572470420
0.8510342195
0.3321271112
0.0603572195
0.4237887322
0.6172227296
0.6624156407
0.2196740281
0.0613909477
0.7976574952
0.2295225161
0.5849284352
0.8922097112
0.3686164034
0.3358926026
0.3469715213
0.5503590447
0.8844641132
0.1883500699
0.5996246984
0.8923060856
0.9883813509
0.7253648442
0.2069361616
0.9760687823
0.7880233497
0.3084384628
0.9252441115
0.5777825207
0.7908251074
0.3975793831
0.1166922405
0.2464856691
0.6846404950
0.7527987382
0.2883926020
0.0144626433
0.0736458663
0.7660749097
0.4210074122
0.8715771205
0.5966635992
0.1251117187
0.7526568381
0.9034776503
0.7488691837
0.2443702386
0.1306003254
0.9996694381
0.4442461569
0.4451584585
0.7782114343
0.3995763127
0.6790877443
0.4277183251
0.6618896679
0.3796479764
0.7435401460
0.6792341443
0.8882624178
0.0264563295
0.6515299256
0.2634595830
0.9652121219
0.3201332578
0.4796644720
0.7207803500
0.1553427414
0.8454550746
0.5634394062
0.7260993329
0.5514879576
0.8581031622
0.1398473617
0.4146076158
0.3101990801
0.5159390579
0.3877463582
0.8530420620
0.0779366357
0.8810362414
0.5761089374
0.6629115927
0.5551388230
0.2181979735
0.2533403615
0.8914558318
0.6981657869
0.0723812048
0.5109093257
0.8530373525
0.9987826936
0.5407317182
0.0779874547
0.7351504193
0.6730967998
0.7379138931
0.1188015763
0.6980923612
0.8383145311
0.5523239007
0.9077998467
0.3920242279
0.7511984131
0.3917293688
0.7955012891
0.9901653443
0.7089408370
0.1686471340
0.4523812462
0.1716043807
0.1548261036
0.1623233914
0.1692399510
0.4158569245
0.3073303702
0.3015325487
0.8575456434
0.7696278378
0.1350700242
0.1218965260
0.7149121259
0.5281005196
0.7854331075
0.7742369666
0.6006969658
0.9139036337
0.9783723001
0.5032484007
0.0958712911
0.3087890010
0.8167392294
0.9362289381
0.1997633552
0.4227102532
0.4912253287
0.0241001643
0.0514613138
0.9103008141
0.4257827029
0.1298883825
0.0340451282
0.1964696527
0.0654525243
0.0605766074
0.1110398990
0.2475825978
0.1207206023
0.9511636805
0.2079782175
0.4899012759
0.7707437925
0.8909198044
0.6891528925
0.5926647551
0.9165395505
0.2802250593
0.7425717341
0.4031351006
0.4916364087
0.9331211153
0.9665847129
0.3892693949
0.4507207229
0.2631893405
0.4232462257
0.4993155676
0.9967445623
0.2858580842
0.4168203776
0.5000862853
0.9501976694
0.9722298549
0.2671710501
0.3438383325
0.8908537338
0.5787044549
0.2857742354
0.0075738796
0.2941945345
0.5275408587
0.3792124073
0.4229293352
0.1733364052
0.2649624117
0.2232526487
0.2072666354
0.5303404456
0.4318686285
0.4160384526
0.3582720361
0.4781105001
0.6031755575
0.5715943047
0.7854790033
0.5456089344
0.0493597332
0.5890365545
0.9373716180
0.4047842421
0.2087572526
0.5831442215
0.9049309897
0.1751447083
0.6571119327
0.0802523113
0.8005951982
0.6034957564
0.9531778641
0.0603612465
0.4914701953
0.1395721033
0.7883399831
0.6300967356
0.0358355564
0.2881962857
0.7149729769
0.5508222059
0.6688144502
0.7644651795
0.3662710859
0.9181403632
0.1850843355
0.7124264113
0.7506939136
0.9126058187
0.1659953944
0.8845942071
0.3748390463
0.9198519688
0.9520393653
0.9256133291
0.7832226584
0.6232194242
0.4488630152
0.0406964039
0.9844609236
0.8347424977
0.5171580760
0.8757830894
0.2863832907
0.2439670381
0.3540092464
0.8334034134
0.0111683388
0.7062704763
0.2878953279
0.6567759735
0.4337869964
0.6580481772
0.8157144489
0.7127431267
0.0737304834
0.1882349170
0.6642495488
0.0421662457
0.6880922134
0.7658304415
0.3122299538
0.6488339579
0.9523298617
0.8079851996
0.8072498565
0.4483387519
0.2294029104
0.5747147301
0.2304685466
0.4848628234
0.0894723262
0.7613868995
0.6296198101
0.0201485053
0.6359290281
0.0591745821
0.5472007954
0.8037689223
0.9442767282
0.4589704838
0.9169207592
0.6871992192
0.7572763444
0.5435202446
0.9447507749
0.4262740641
0.3881949595
0.3926835995
0.8332569393
0.5493791196
0.4148638372
0.6165110414
0.7010722325
0.9210123436
0.4544583709
0.0818397110
0.4800227560
0.7424594164
0.5154119008
0.5278169935
0.0202091446
0.6550936295
0.1586312277
0.1150440162
0.5447806938
0.1291202455
0.1239656372
0.4904643237
0.2338884888
0.9638317709
0.1205736119
0.4806959961
0.0576067850
0.1972361134
0.9473578197
0.2428763988
0.0236350170
0.2337313895
0.3234641266
0.4615761590
0.7105047636
0.4535622142
0.0201347837
0.4053095274
0.0372275478
0.6833955971
0.8297997959
0.4451703368
0.9778502522
0.7291891035
0.4812625989
0.5804992072
0.4501753104
0.0964419658
0.9001189868
0.2998112986
0.9284956226
0.2259293726
0.1949657774
0.7898202761
0.5093799999
0.1496579496
0.3011587437
0.5750059855
0.1255983773
0.9319268685
0.8948784201
0.2216070995
0.5505212165
0.6100862321
0.7193026018
0.3188285063
0.5507049915
0.6987922085
0.6006479212
0.0896119582
0.1081813186
0.2034212647
0.9011955305
0.3932813305
0.8793214798
0.7561116682
0.9688079656
0.7554780961
0.3203605012
0.2989434309
0.3422437283
0.0903414824
0.3692942353
0.7282121298
0.0612659735
0.6972165139
0.1179488726
0.3667014125
0.1506406861
0.8180107241
0.3062407435
0.9881759033
0.2724069247
0.3431831789
0.8796881724
0.9191133186
0.5375462422
0.5396932579
0.6245861490
0.4194056096
0.9500799615
0.9939136183
0.7061828396
0.8149844955
0.4444151536
0.2854859241
0.1619262686
0.4947958309
0.0335299520
0.5379040866
0.5539830089
0.7924305507
0.3802660318
0.1311963558
0.0171510998
0.2585342949
0.1858951297
0.3394452273
0.0559351314
0.1017542169
0.1831242524
0.7693099843
0.7929056856
0.3658580027
0.9754522060
0.4252256453
0.7674209997
0.0447419400
0.9777852162
0.6361280458
0.4040658726
0.1351202423
0.9659117526
0.0788266525
0.8395493894
0.3065884007
0.8312501306
0.8209452354
0.6265719266
0.7943703309
0.9821517808
0.0249806535
0.8498429114
0.3098113228
0.9989018112
0.5427405757
0.8408552847
0.2547703000
0.9244328221
0.9424414615
0.6136437333
0.5102251737
0.3544935724
0.9734721384
0.1462306764
0.6989784090
0.7301194985
0.1184111088
0.1355056454
0.4433819336
0.9201576865
0.0902377598
0.6260291809
0.6724434723
0.7574395610
0.2867018012
0.5971731608
0.6893140170
0.3006834130
0.5861221703
0.9553156802
0.9906365088
0.6278029825
0.4847265338
0.7988535068
0.3308887918
0.2479232301
0.8457283019
0.1555702504
0.6691990996
0.2292661806
0.2766970568
0.4474340020
0.0232713877
0.1222124521
0.0246829999
0.8471787671
0.5335386114
0.1834411704
0.0957510247
0.2874726128
0.5522034037
0.8826053703
0.9484591144
0.7523364221
0.5182460246
0.1609354565
0.8422180988
0.1595868008
0.1753612547
0.2966084285
0.0978582858
0.7042098950
0.6557047279
0.4293614807
0.2784065704
0.1792290680
0.3029452100
0.6001436677
0.6146225654
0.9614567164
0.2030333450
0.3814288375
0.6744719437
0.8499580997
0.2457811542
0.8438582697
0.7259387553
0.8526602698
0.6611551792
0.0350961805
0.8615057661
0.3274101323
0.7820932648
0.6415013609
0.7133733884
0.6665383322
0.5097494430
0.3588888626
0.8451138997
0.8293119075
0.2452298869
0.5787088537
0.3597040760
0.5464048377
0.4261070354
0.5809447875
0.9390432773
0.5003618893
0.5822734464
0.2698132024
0.7504922903
0.5239237911
0.5871564550
0.3385397670
0.8378644824
0.9883561733
0.3022049203
0.1580948767
0.1005927735
0.6627437294
0.7338598841
0.9830724596
0.4988279334
0.8010762094
0.6878514936
0.7200532990
0.9357966502
0.9342990987
0.7649520021
0.5482999114
0.2766114427
0.0085168821
0.1432379566
0.4003362719
0.4517223727
0.0979179907
0.7076699082
0.8081473022
0.5317079253
0.4151005800
0.5954479332
0.6934131066
0.1940833375
0.9586537731
0.0939645319
0.2618877270
0.5470277917
0.8960945709
0.6614529620
0.0399321422
0.1395146787
0.8232048441
0.6038156028
0.3288369842
0.7631931665
0.9875485315
0.7281696458
0.3472369572
0.0115403014
0.9578459602
0.5170530667
0.1108926762
0.7732085768
0.3165506782
0.2672489929
0.6538228669
0.8009235754
0.1225318824
0.3933482808
0.0045547850
0.5522708782
0.0166492106
0.8232832921
0.9222896690
0.9224672029
0.9062791647
0.8339218044
0.7237663023
0.3402421752
0.4502378359
0.1473081319
0.8077733279
0.2463214256
0.9242006935
0.0410560627
0.0292452663
0.5251913344
0.8907565035
0.9445537848
0.1154604973
0.5445788458
0.7366610163
0.0617017100
0.0206396816
0.8911286587
0.1993664506
0.7519358442
0.7857340355
0.8319343051
0.3198665155
0.9965254803
0.6037470077
0.1759581302
0.3282949504
0.6532318482
0.8676721123
0.9651908041
0.9618450081
0.7290513504
0.1660464792
0.7431752853
0.5470194739
0.7562981289
0.1026525267
0.2810163546
0.0418709982
0.7258660631
0.6309219620
0.9054152005
0.3132753064
0.2180742110
0.1732634707
0.0391515792
0.0205914589
0.0806504026
0.4913162098
0.5515375559
0.6917024697
0.4434081340
0.3605083528
0.0638859119
0.7305211081
0.8682642533
0.9173055292
0.1540293288
0.7709291615
0.0064165434
0.8428444226
0.6862110803
0.1496258850
0.7622497534
0.1316051866
0.8883717879
0.8646386119
0.9811505885
0.1979403105
0.7827985480
0.4951959949
0.7590862555
0.9626960530
0.0325619592
0.2688476747
0.5228687996
0.8559151275
0.3655480681
0.7663802904
0.5535403714
0.3530213243
0.2293980855
0.4936226610
0.3160639641
0.0870445673
0.9580433632
0.8348054435
0.5750896193
0.5312309270
0.3981896804
0.3739590595
0.1299129448
0.4468625051
0.4181239469
0.4091754703
0.0121287388
0.8477128014
0.5090526888
0.6485400514
0.0126436548
0.5019064842
0.5422805978
0.1100068639
0.8853616734
0.2736445302
0.1436182437
0.7918219247
0.1510890303
0.3533328395
0.4650336766
0.8210030125
0.5976307711
0.3803701193
0.8805953270
0.1656611905
0.2676285569
0.0331551465
0.2385475178
0.2681313415
0.4834573581
0.4678170204
0.6006610441
0.3101677262
0.9889750636
0.7038946661
0.3576528636
0.0716787083
0.7040496420
0.9623329978
0.9306940356
0.1746567922
0.4567059361
0.8566677980
0.0156804517
0.5413515245
0.4950717911
0.6715929015
0.4618953402
0.0749819587
0.2217793684
0.4458444566
0.3077828552
0.9064478401
0.6688479746
0.3279098374
0.1806376176
0.9764383503
0.9993538086
0.1394605579
0.9135959607
0.8073119595
0.4921024879
0.7665145393
0.8098620841
0.3520474759
0.8619271591
0.4097626615
0.8810522158
0.8445914342
0.0482352920
0.6905519283
0.1062585681
0.8877535435
0.4738050186
0.2409469372
0.5951729284
0.0714069320
0.1363066203
0.9053679354
0.5188901443
0.9866560544
0.7283068541
0.6532962249
0.9496521317
0.8033770645
0.3583235309
0.3435845307
0.6252075872
0.8639183131
0.8750878297
0.6011541899
0.5984699639
0.4846839777
0.0836134822
0.2917951468
0.2010326879
0.7563852044
0.5661298939
0.9451263842
0.7391399245
0.7247111326
0.2200050749
0.6252938144
0.3131379920
0.9102323654
0.2753651198
0.0615692500
0.7943840669
0.2130130429
0.1102121737
0.3360028653
0.2001569536
0.0379195193
0.3133607479
0.6540905604
0.3000489046
0.9219396682
0.0400027368
0.3259980056
0.0484807684
0.8162743321
0.1226999399
0.2178897150
0.0724404404
0.5064810925
0.4277211770
0.7098211658
0.9643337702
0.5576765295
0.8694305690
0.5195723755
0.4529142269
0.1294122759
0.0321216035
0.8677897366
0.9421023297
0.9138555303
0.1698985729
0.4853141402
0.6747543143
0.5957608049
0.9518480120
0.7095379623
0.2045316470
0.5633911853
0.9156515263
0.3552019236
0.8787298279
0.8122182995
0.9529595013
0.3903378751
0.4086664098
0.4563495705
0.8672306826
0.5460822013
0.0035572022
0.7858976148
0.5812116251
0.4237836175
0.5312598462
0.8842354596
0.3453700522
0.6344675228
0.4956548679
0.4713645364
0.2237626576
0.7789870173
0.4347994481
0.6743249928
0.3801537001
0.2432372643
0.0887005397
0.7899711743
0.0455268196
0.1692577784
0.7154807892
0.0856235252
0.0745872010
0.5870872120
0.1747724769
0.4010185548
0.9188511065
0.1305470622
0.1044737920
0.8910215462
0.3991275070
0.1360094524
0.9108668165
0.9385857123
0.8100659231
0.7779692028
0.3283911070
0.2693358891
0.7282886863
0.3479504283
0.0028489209
0.8818138807
0.6458922189
0.5105236447
0.3708970302
0.6663871593
0.9689871443
0.7669337724
0.8559129778
0.3294184904
0.5365684144
0.1053409925
0.4660603323
0.0760047569
0.4119494265
0.6340108348
0.8200997459
0.4164289248
0.9209390945
0.2233607037
0.0233473733
0.3993027566
0.0814294044
0.5840004260
0.2951598487
0.7515779157
0.7700296683
0.8886347020
0.2834371442
0.7280831355
0.8932590903
0.0055311492
0.9620247428
0.7498517117
0.7577179622
0.9657904560
0.0401944224
0.5476573647
0.4773283201
0.4570763710
0.0825681438
0.7227926197
0.9755593928
0.2267148515
0.3965090425
0.1274771512
0.5084799811
0.0230420940
0.2684731333
0.2279516165
0.1828184891
0.6303455839
0.2182288223
0.7718166583
0.9225763159
0.7401412913
0.5546834291
0.5643933099
0.7583601382
0.7588428103
0.8711133724
0.8024498357
0.7743885845
0.1489391946
0.2210444346
0.0938116300
0.6920652632
0.5408784940
0.5448492617
0.2815412568
0.8639032486
0.6218997705
0.2694423537
0.5176391937
0.9619291086
0.1425277564
0.4640021490
0.4841178797
0.5692039883
0.6114313182
0.3261655563
0.8645051563
0.7381620740
0.2899784322
0.6675095892
0.8336655239
0.4164605144
0.4518651882
0.4982176278
0.5436703500
0.4675732010
0.5027896312
0.3853322985
0.2799405263
0.9604263049
0.8849069187
0.6305826590
0.2027497063
0.6143140728
0.7766211099
0.6709934085
0.3862166744
0.1436461378
0.2606380743
0.5441147712
0.9369601120
0.4886021632
0.9365577305
0.7257768117
0.1308740502
0.6001610459
0.9066986306
0.8838849045
0.4535891496
0.4728365612
0.9640848225
0.3736125783
0.3066029901
0.0764552932
0.9841131968
0.9904990842
0.3181073880
0.4308699018
0.6304387348
0.7838157286
0.5909506909
0.1082612909
0.5475169072
0.1166595827
0.6976057620
0.6600423628
0.3319911153
0.7746748825
0.9607504765
0.3332584571
0.0748880697
0.6437866885
0.1228740422
0.1440274498
0.6693485875
0.7417108411
0.9341055868
0.5125966446
0.2118051588
0.8093039314
0.9711754074
0.5450730007
0.0419228739
0.5977421860
0.2529199457
0.8255280391
0.6497526915
0.3934865195
0.3279328295
0.5670655780
0.6711686305
0.3311729140
0.0231658016
0.3476273686
0.5731838174
0.5004198122
0.5557836565
0.0559145611
0.7560291242
0.5814902206
0.1061369689
0.8440362522
0.7172904456
0.5005195324
0.2317810671
0.5443943913
0.6365353889
0.2502813109
0.4779915397
0.6038073659
0.1903982950
0.0241436908
0.7830105136
0.0577026621
0.8086413979
0.8359748557
0.2293997422
0.5214670485
0.2966848994
0.3831046453
0.8397737363
0.0771863646
0.2712292254
0.5495909532
0.9751506281
0.3566057524
0.4728811934
0.7142170025
0.8451606318
0.6147390562
0.9193178810
0.9756253778
0.3357240931
0.5148334951
0.8065525246
0.7282813296
0.2243065119
0.9195456485
0.8037137713
0.0173549377
0.6844373119
0.3379015530
0.1114007121
0.3117676539
0.8789592245
0.6676855339
0.7907681664
0.4405720509
0.6944593405
0.7781359727
0.1312936086
0.6516796369
0.7796568653
0.6929347739
0.1547447540
0.7950802835
0.9143253325
0.0658638191
0.9732074712
0.6979680650
0.7492686211
0.9577144711
0.3071161657
0.7013969427
0.3784158117
0.0345474013
0.6381744753
0.7984065073
0.8181689862
0.9661518101
0.1134724968
0.1322529942
0.7760731948
0.4621850465
0.9440763937
0.0919490336
0.3874079227
0.1649563600
0.4215429881
0.8730014939
0.5361075282
0.3592263824
0.5178090465
0.8166452318
0.3564107577
0.1956038635
0.5141335069
0.0418506795
0.3843701446
0.1090201815
0.3021900182
0.9076355300
0.6303528739
0.3407516113
0.0123317836
0.2602877561
0.6563165122
0.7116210762
0.2154285158
0.7070657618
0.6542578941
0.1124263267
0.5492734276
0.6384972763
0.2237228398
0.1097689788
0.8872265755
0.6170541381
0.8288982170
0.2923323532
0.2298608487
0.2712836536
0.4643652403
0.5865944257
0.8925131745
0.4689242872
0.2104942531
0.7769112771
0.5478348485
0.4602990696
0.2464620665
0.2879521645
0.6120282425
0.3586709121
0.1820197999
0.2067772722
0.3056137619
0.4504969996
0.5030718634
0.1288076372
0.8699576442
0.3781263781
0.1700361615
0.7977666955
0.0648520869
0.9690253310
0.4087381183
0.6615538172
0.7350063279
0.2513530332
0.4904293009
0.6452595529
0.8773053166
0.8704558086
0.7507751093
0.2772614556
0.9332840962
0.7058041701
0.4506865489
0.6888268974
0.1136652770
0.3723111691
0.4338183756
0.1854388309
0.6704308711
0.9316506570
0.2525921662
0.3165369357
0.0362780393
0.7250070352
0.1932399919
0.7845434977
0.8225650435
0.8506865364
0.4886174198
0.1929741671
0.3168262443
0.8986878990
0.2475187067
0.0469036084
0.3089456994
0.4503702041
0.3720199953
0.5400602384
0.7924274305
0.3278236103
0.7314179386
0.9412938147
0.3251428786
0.6763612718
0.6038958715
0.6779123987
0.6736854611
0.6315443619
0.3660903349
0.8802578505
0.4936927954
0.4948120256
0.3057144438
0.1426568410
0.6335263695
0.6776919147
0.9680101651
0.3468443312
0.4126743286
0.8174412891
0.7357455309
0.6751380132
0.0445883087
0.3957037232
0.5924758934
0.7423402729
0.5129668455
0.4337727541
0.4186775729
0.7139675254
0.6521999331
0.5242755625
0.4993795896
0.0727627226
0.9230789719
0.1882804901
0.4301967421
0.3166443498
0.8415866360
0.5465909548
0.5541775703
0.0624245880
0.1700507431
0.0428386876
0.9898223725
0.9446144366
0.1348353102
0.1770582690
0.8183271126
0.6237813678
0.8934485775
0.1902413630
0.3865876696
0.3789634401
0.2385385108
0.1167508948
0.2322882927
0.0693355859
0.3231926193
0.8983528656
0.6166123362
0.4035346331
0.2065779543
0.9556773982
0.0700308907
0.0091800219
0.2886284411
0.9782096530
0.7696375154
0.2977215433
0.8059779748
0.0718232337
0.1330884407
0.8174230565
0.4293108907
0.4281400313
0.7495062865
0.9521563787
0.8922575143
0.1720421225
0.5119535305
0.4029876842
0.0140083302
0.4380052275
0.5538586721
0.7027019123
0.3110398673
0.6470495486
0.9617640651
0.3686424972
0.7744500520
0.1820239721
0.2768994619
0.8492555253
0.4376143445
0.9842880223
0.9287909258
0.1890899181
0.0342529907
0.6900152454
0.0862299366
0.2665450474
0.8226124135
0.6468337321
0.3345354031
0.5365193890
0.2813710541
0.0033056089
0.5573690027
0.7008278305
0.8133472079
0.9265233438
0.0778392342
0.2440093805
0.0656580681
0.5151498161
0.1229591814
0.5749616730
0.3808381438
0.7466834086
0.5080484018
0.7694898161
0.8153389454
0.4016558087
0.6291766589
0.5721059376
0.3844938480
0.1881039794
0.4635821261
0.4247935860
0.5057996128
0.9740929301
0.5798765885
0.9858227608
0.7231412323
0.8346914955
0.6599652001
0.0351178283
0.2253398544
0.2869330771
0.4842274993
0.4115802263
0.4288641859
0.9203724832
0.7003255726
0.3718988212
0.5034871994
0.1093606249
0.0240221684
0.7405845733
0.0049231277
0.7430072246
0.7224241111
0.7820349023
0.6606029360
0.7535447734
0.8270069278
0.5054357839
0.8592194152
0.9007110320
0.2503147699
0.0403378156
0.9576674471
0.5167840847
0.5901108050
0.9922988602
0.5669433700
0.6172203180
0.6218848310
0.0183538403
0.4729942967
0.6151442655
0.7296708164
0.5774118186
0.5604343822
0.2206612855
0.6542260900
0.5778950894
0.6827675762
0.2746535366
0.1019897097
0.1410513782
0.6505139482
0.1879273692
0.4952946237
0.4167406131
0.1594849944
0.4643007316
0.5023956306
0.7633639842
0.8584828485
0.5212340632
0.3809009377
0.8020604983
0.2307953663
0.9777208448
0.5542390079
0.0950063990
0.7725476062
0.2076173783
0.4252770871
0.6320020905
0.0591344573
0.8728232230
0.5399092364
0.2545365532
0.9958498118
0.2477870800
0.5574533578
0.1185844045
0.0480860297
0.1819013449
0.2159033816
0.6881339690
0.4676169373
0.2378658333
0.8110604705
0.4933282347
0.3676413280
0.9477993155
0.6630951232
0.6397359555
0.0422045338
0.3315998951
0.1994376968
0.9493703406
0.0673152541
0.3674762027
0.1725383273
0.8516662096
0.9539844860
0.6172567723
0.2345721483
0.4540962305
0.9953465676
0.7897613426
0.5188844896
0.8916166616
0.4012321874
0.5093731184
0.0340016990
0.4665551857
0.3930061684
0.2546720713
0.2735022940
0.7530547323
0.5908851728
0.0070999411
0.3287094844
0.6203048931
0.4643388361
0.1428187446
0.3546404997
0.4428784938
0.4588448740
0.8057978844
0.0450423034
0.0259940603
0.8821717326
0.6603092707
0.8179123813
0.6533918989
0.5576441409
0.3250762599
0.5567002193
0.4605865198
0.0776377425
0.8575384244
0.6482995484
0.9705098095
0.3583688249
0.1048399379
0.0448369957
0.5753869865
0.5290818542
0.2787227026
0.4924631103
0.8274946972
0.7033764741
0.6484006730
0.6701114275
0.5627623246
0.3463891871
0.7630676562
0.8780974426
0.1837174377
0.7389753424
0.9585798487
0.8515165504
0.4386629011
0.6073794434
0.2263048122
0.5049789262
0.1808126822
0.9187491549
0.4170458124
0.2889686044
0.6953342421
0.4826070090
0.1760001079
0.0338127901
0.2915634882
0.3075469082
0.9408863356
0.4766422628
0.9265111235
0.8724528041
0.3142781666
0.0731464074
0.3716698503
0.6551733888
0.4991455726
0.1396383392
0.9015677601
0.6493442588
0.5289584777
0.2051348502
0.7014274265
0.8907563573
0.9420972831
0.8290372535
0.6291199032
0.6182132558
0.3101900610
0.3643550032
0.7145395240
0.2657793084
0.9528370122
0.3316632916
0.2649412523
0.8676281771
0.2267728647
0.3715365899
0.4154671803
0.7568988619
0.1991718355
0.4810396956
0.8341639663
0.7937815880
0.0871499854
0.7298050840
0.8340475644
0.8374142817
0.4218332586
0.7515774530
0.7622522138
0.1729577652
0.9011597275
0.7915400466
0.4135627106
0.7484769107
0.6514378766
0.7163918230
0.3973692107
0.5843239430
0.7325103245
0.3010246328
0.3210028346
0.0946419541
0.6473220059
0.5409531518
0.7996226742
0.2582848585
0.9936164257
0.7112668009
0.2611220155
0.6777139015
0.3375430731
0.0864298014
0.6256716476
0.6633814915
0.4527270625
0.9837401143
0.7201010599
0.7385139605
0.2041349245
0.8956767644
0.6393801071
0.0614594575
0.9491022893
0.5621763385
0.4977204760
0.1880399365
0.3872128797
0.8868697346
0.6196300906
0.1229319198
0.1167756895
0.6490131068
0.9632858733
0.9456720165
0.9095804895
0.3192874150
0.2635841908
0.0594946067
0.9258546024
0.8383022967
0.3467008452
0.0011058204
0.5855234666
0.8929038109
0.0343490401
0.3043172649
0.6602707977
0.1712977532
0.0013380408
0.4884515162
0.4046334815
0.6749242255
0.4514582815
0.6593364758
0.4681487376
0.1758327819
0.2215656037
0.8531007341
0.0640386179
0.2970517277
0.5483867041
0.7353350242
0.7757523011
0.0689242996
0.4107037307
0.6976023871
0.6033197733
0.9954295462
0.1843821907
0.9114794272
0.2347332000
0.1608928742
0.1265367404
0.7029950731
0.2381933667
0.3159133812
0.5561974224
0.0100788660
0.3955013020
0.1903825260
0.7591144571
0.4366805411
0.2898545249
0.5849996758
0.0895513918
0.0902416662
0.6916837366
0.1285610029
0.7247750955
0.2950301424
0.5716025574
0.9241818325
0.7240587589
0.2555600030
0.1969710394
0.4922587525
0.3928534167
0.6873743453
0.7006213303
0.3426977807
0.7216003327
0.9367913534
0.6522760512
0.8035923467
0.9765714343
0.2360957797
0.0617700209
0.1687416377
0.0407047335
0.1244551037
0.7169273607
0.3981515772
0.7335586909
0.9209181260
0.8709433315
0.9445728376
0.4356814093
0.4974458659
0.5726677104
0.8262090894
0.0961651482
0.2476457350
0.1818676828
0.6501449309
0.9858535486
0.2405914187
0.6199747913
0.9163166510
0.5339525517
0.1405355946
0.9817379051
0.0689710375
0.1962266302
0.9809730076
0.2133388637
0.5862815325
0.6337165441
0.8739575181
0.6040066842
0.5403416291
0.5217606422
0.2311128867
0.3142872505
0.2258193057
0.3450714556
0.6159549807
0.3553612286
0.5561687822
0.5287230386
0.2481098357
0.9820088204
0.6222450590
0.0727059195
0.9683891010
0.7156198170
0.4222643307
0.9966060810
0.9584034795
0.8872802947
0.5199127780
0.1740596133
0.4199204123
0.6023700024
0.0326298469
0.4098365617
0.1230929815
0.8237407224
0.6103210019
0.6650792894
0.9876164255
0.8692630882
0.7047237772
0.2925238710
0.4486997799
0.2972008142
0.0540847896
0.0030596453
0.4234582600
0.0629756459
0.4316812278
0.2663953868
0.3072662489
0.2238455374
0.1719467186
0.9084988589
0.1403211471
0.3775187687
0.9579449802
0.1812815746
0.7994236322
0.9129856185
0.5492897735
0.9132233815
0.5453722838
0.0719735631
0.6596752281
0.1615594279
0.3293042945
0.6172775542
0.5838532253
0.8211574581
0.1933976490
0.4342870100
0.0617773773
0.2923807849
0.0438521663
0.0233585334
0.5868714788
0.5489437566
0.0977172953
0.3345820436
0.3204064550
0.0712886811
0.1488636143
0.9507660063
0.5242675539
0.3647779002
0.8221691470
0.1968541380
0.5274976652
0.6532589392
0.3229907097
0.5048587214
0.1605312091
0.0480305290
0.2491017065
0.6523807813
0.5637917076
0.6472291203
0.9798243411
0.9077011952
0.7339883348
0.1419423012
0.6242562325
0.8745002759
0.7261378844
0.1994232855
0.7071587643
0.2173512458
0.0223878999
0.2734329497
0.5875859405
0.5569019984
0.8518872017
0.6681984732
0.4117389117
0.0958894222
0.6135184710
0.4049416263
0.8539135343
0.7247704979
0.2177574638
0.8496938517
0.8045659437
0.3398161213
0.2895501985
0.4701857390
0.4117147526
0.6898476021
0.2686489572
0.1830244167
0.0913715118
0.6809991256
0.5523031620
0.5592436872
0.2086506243
0.7910426230
0.0533645100
0.8973197243
0.2526058991
0.5473453698
0.2336294898
0.6108345387
0.2960921225
0.4203028907
0.0306844700
0.7138876372
0.3095178062
0.0657692103
0.3831171810
0.0504616756
0.1093820791
0.3846036666
0.0338248897
0.4949219104
0.1525487774
0.8873022623
0.8891217477
0.4692138224
0.0767124974
0.3069438110
0.8046315718
0.4428264509
0.5841600628
0.9781761917
0.2072541865
0.3211122464
0.9335256748
0.7660169283
0.4465147482
0.5733727977
0.6766107785
0.7973536670
0.1230807155
0.6175853515
0.7570021060
0.9343952955
0.3817310675
0.7540507102
0.3302857106
0.1119377423
0.3376345122
0.6232470966
0.9139518564
0.7888505562
0.2112986416
0.2962695794
0.4028205668
0.2052654006
0.8955871008
0.1324029236
0.2959361527
0.7989192057
0.4350895855
0.5506638332
0.0070437649
0.3845569637
0.2488889680
0.0768853984
0.2128902468
0.0463780562
0.4759908946
0.9789662400
0.4855965125
0.4205863684
0.7950943682
0.1510457326
0.6256272430
0.9170727375
0.2414990578
0.8746651443
0.4970805511
0.4328223301
0.4449013907
0.4576740686
0.1280710200
0.4896335933
0.2718022607
0.1805947614
0.2561550867
0.1985426707
0.9066658813
0.3334671158
0.5818156533
0.5756842718
0.5255563186
0.0250472405
0.9689716485
0.5064958049
0.6749932348
0.6112968566
0.0662680488
0.7670967829
0.5956302655
0.7578721351
0.5569741387
0.0643494276
0.5208303694
0.5960180650
0.2756185242
0.3205366910
0.2601655562
0.6025032046
0.2713598381
0.7447994833
0.8449160793
0.5045451473
0.8902903479
0.1098778145
0.7164280992
0.0070629418
0.7068623802
0.2360237407
0.8510100303
0.9255786560
0.2004712035
0.3195165645
0.1148992917
0.1123961222
0.0416257686
0.6042935915
0.3623927368
0.7347281864
0.5766292913
0.4084988032
0.6393849176
0.1423108657
0.8187198874
0.2251467650
0.0416790491
0.4997779573
0.7681285621
0.9367427383
0.8352020001
0.2400158961
0.9471653311
0.0077194877
0.7414296417
0.2079882791
0.6590066147
0.9241737636
0.5884452667
0.9995967580
0.2227121906
0.1237879163
0.5035098300
0.4897133661
0.6125444262
0.0341718853
0.3268758453
0.8023324038
0.8007102054
0.5364221085
0.6463769703
0.6577399238
0.6348996395
0.7582418331
0.7704881546
0.5944144061
0.3229235009
0.3752788465
0.3115729261
0.6061693390
0.8880812974
0.9823646933
0.6034010197
0.3609374013
0.2749028511
0.2922191279
0.3268820986
0.9074307599
0.1887823217
0.8644803324
0.3209460330
0.1399766628
0.5877721986
0.6873420889
0.1584876312
0.7016177236
0.0890804181
0.1745873538
0.2896552394
0.2356092013
0.8838460038
0.7997851453
0.9889373762
0.0704822669
0.5954606058
0.9064019985
0.8983887572
0.2198416086
0.8779153672
0.1235767308
0.9541144102
0.8008930372
0.6092756516
0.0958771898
0.4079295335
0.0716701450
0.5601274805
0.0625654478
0.5374814636
0.4509582258
0.2549018019
0.1345839700
0.9527841446
0.4431181027
0.4859520903
0.3967823676
0.7212526336
0.0930127528
0.2653368103
0.5157709273
0.5619759394
0.1296131171
0.4076589994
0.5248029851
0.3637699848
0.8821348642
0.0406622322
0.4101366340
0.1664082660
0.8237271138
0.3816022084
0.5883172650
0.8482725147
0.9161538555
0.7978488454
0.4455450550
0.2757393768
0.3517054998
0.1143343921
0.6181287679
0.8902018712
0.6228490679
0.2242844698
0.5490834814
0.4460712407
0.1193430575
0.7987676924
0.8886053548
0.7901986871
0.8693343115
0.9017738033
0.1123112486
0.6151555108
0.9186699299
0.0855122262
0.2039861405
0.3950637400
0.8362780342
0.3249208228
0.9442690447
0.3298342904
0.5249194008
0.3203691473
0.4442585638
0.6536822844
0.4381534578
0.0451651652
0.0909316958
0.2890118271
0.4217778366
0.8200996150
0.4142288590
0.9444336893
0.0970155307
0.5400243117
0.1886075118
0.9264504295
0.8523688488
0.7632419736
0.8078509599
0.5510836929
0.0636261391
0.3645193851
0.4773055914
0.0750742225
0.7724570412
0.6854921348
0.0663096125
0.4656578363
0.3112552191
0.2664673719
0.5171193590
0.2250673215
0.7064731837
0.6947989775
0.4864148080
0.1736780880
0.0076245660
0.1460800314
0.1670882781
0.2526894574
0.9517100476
0.3907706275
0.6819363690
0.3045539623
0.6384446186
0.3387042863
0.6029403071
0.6177408041
0.3696937520
0.4428895354
0.6444219076
0.7990004398
0.8003919984
0.1883175556
0.0531572697
0.4142311391
0.9827556286
0.1738503017
0.9020203813
0.2565487632
0.8150638319
0.7778230329
0.8717133630
0.8864918330
0.2682379492
0.2752115392
0.4803388747
0.0554663718
0.2233102549
0.1754540584
0.8563589422
0.8247421114
0.4406660293
0.2739546833
0.3563617048
0.3711720470
0.2885940070
0.3994749598
0.9756491265
0.7348689253
0.9420272347
0.6517331571
0.6791719335
0.8426867550
0.0362914746
0.9508133187
0.3194473369
0.9513921060
0.0471263714
0.0529242249
0.4974474811
0.5998143282
0.0794141033
0.7128341108
0.6028994593
0.9312116928
0.8749205200
0.7891788475
0.7288900688
0.4553864217
0.6795891775
0.8553063342
0.1335583429
0.7150688933
0.1628889409
0.6744298596
0.1426510786
0.5366779848
0.9468906925
0.3918696085
0.1525102206
0.2392777871
0.5417685279
0.5036489282
0.8275369317
0.4132115348
0.8462646807
0.1704881405
0.3941766801
0.9274631869
0.8737828198
0.6678521751
0.5915069214
0.4568279414
0.9072109061
0.4936990382
0.5997342885
0.7341863275
0.4696068970
0.6831170981
0.1490676036
0.3792135716
0.4424973372
0.0527464115
0.5089385971
0.7310013196
0.9391782013
0.7680298809
0.2782079141
0.8404118960
0.8027362840
0.5887257047
0.7129190525
0.0305161579
0.8850660349
0.3048489988
0.5971235893
0.8561655817
0.5749324027
0.8888921382
0.6101671246
0.0788632723
0.4550171467
0.4731852958
0.8252665780
0.2553764668
0.1122770555
0.0404720643
0.2139843907
0.4356543966
0.0434431990
0.1498456975
0.4566374683
0.7059303120
0.5707542300
0.6663439581
0.2429045411
0.4966216431
0.7199559709
0.3000031761
0.1533815247
0.8832853517
0.3769060182
0.6594477473
0.3382890206
0.6235689788
0.3238270069
0.5605051586
0.4102009320
0.2470635502
0.3970874582
0.8489107430
0.6428571861
0.5007268478
0.7161316543
0.0247129949
0.3513056604
0.3942351470
0.9101148409
0.3001312499
0.3059167764
0.5432611193
0.5896327189
0.9571072741
0.1019553566
0.5636784733
0.7441006909
0.1003112499
0.9311763338
0.2806426574
0.7611432671
0.5348898285
0.8933480592
0.5008304115
0.4567259601
0.1932114590
0.3049915261
0.9925784593
0.2661646260
0.4288698315
0.0152574275
0.4315842020
0.6356833053
0.9293128849
0.9616564577
0.5600838784
0.3297443407
0.0131337694
0.7392619930
0.7763155698
0.5357808962
0.8695222655
0.0607156962
0.4487068149
0.4154386661
0.2776609234
0.6471389993
0.4651606847
0.9556277404
0.2354337211
0.9345512652
0.0031147525
0.3496455947
0.4935095146
0.4144117836
0.0188467588
0.7574753096
0.8875281337
0.6853423885
0.5495242520
0.8541035745
0.9187762371
0.8722176654
0.3623029946
0.2264303031
0.6141042425
0.2500044601
0.8249606590
0.1137963471
0.5752050715
0.4716364754
0.7942428297
0.8392381941
0.0763284246
0.8518327110
0.7523742297
0.1536787276
0.8783745488
0.8410420602
0.3939053645
0.3674605668
0.9097454786
0.0922591902
0.6002100815
0.7308398931
0.2260840207
0.7941363922
0.0503433281
0.1203153461
0.1400212600
0.3373174008
0.2935560340
0.7962631375
0.7945525310
0.0443890987
0.0475818542
0.7082238472
0.1182005118
0.5960019003
0.0039388333
0.1999712698
0.9171322770
0.2421797317
0.3147507152
0.0152697452
0.6386082999
0.0896966818
0.5321305072
0.5174349305
0.5288774370
0.8430835600
0.7053929971
0.5401024029
0.5010856008
0.7456927305
0.8577217292
0.7291029707
0.0336288603
0.2002542658
0.6734448179
0.5870538012
0.6132362301
0.6613195432
0.7975628893
0.6394802848
0.7451462759
0.6734589401
0.8244059359
0.7905654882
0.0341603620
0.1332036557
0.7538408253
0.8027504407
0.8266571131
0.6260999089
0.8611690541
0.6682917795
0.9799378688
0.8157602373
0.4823079369
0.1494958645
0.5769952644
0.5594087131
0.9822405604
0.5170984967
0.8744332610
0.5998168362
0.1215668058
0.1733056070
0.7473361319
0.4783691204
0.9498070166
0.4065273881
0.5058118382
0.1795644720
0.9400812481
0.9455367026
0.6353607263
0.5077267957
0.3642547243
0.0291504703
0.9319537432
0.3465617914
0.6640277165
0.3138306758
0.5521689263
0.3031450260
0.9584514340
0.6932505621
0.4621970660
0.1460888027
0.3145066254
0.9128532908
0.3252577037
0.6062265352
0.8493776022
0.4893607569
0.6862415311
0.6614128373
0.3655564041
0.9064841619
0.2793095459
0.3555384552
0.5348164409
0.6599230254
0.3262883338
0.9280263413
0.3387177981
0.8300331723
0.3675273481
0.0321389123
0.1586988168
0.2510131434
0.7779007471
0.1778561284
0.2279499349
0.1545555131
0.6145082625
0.0403678702
0.4627940369
0.1793777737
0.8022423038
0.2863998362
0.5220466202
0.0375456186
0.0292116706
0.9605481413
0.9326108891
0.3912133297
0.1224322379
0.7186216769
0.8745232995
0.1130952253
0.7914517647
0.9298092996
0.3048976064
0.4140703396
0.2801976976
0.2827040595
0.4071278429
0.5976558697
0.8022016393
0.6029523578
0.8202774575
0.4032278694
0.0508006784
0.8070025000
0.2910182382
0.1435289798
0.2915627009
0.2943145967
0.5454263623
0.9808703692
0.4882954312
0.7813127701
0.5237267832
0.2760446303
0.4821007595
0.6674649398
0.0832438906
0.0800695786
0.7294075711
0.1530469034
0.2593053180
0.1444795225
0.2673346072
0.0927440222
0.7487811785
0.7652667915
0.8389646614
0.4790644604
0.6363861661
0.7422929117
0.7169663943
0.0541882979
0.7427224909
0.9369046607
0.5566330983
0.3324828937
0.0399947423
0.1916340422
0.7933475067
0.7915455250
0.5056378660
0.2556143298
0.1100401563
0.4449069652
0.5513634127
0.7648772373
0.2917274123
0.0626187986
0.4341485894
0.7353422796
0.8976928816
0.5242611561
0.2572512907
0.6224429909
0.3993480735
0.8430711164
0.4962528446
0.5215595655
0.8516181606
0.1464246097
0.9584145518
0.0733727680
0.1761118474
0.9118196748
0.9532742397
0.6801467382
0.2262291307
0.2329993632
0.0202971930
0.1349230947
0.6524520171
0.7610512113
0.9877076078
0.4017649968
0.4643007875
0.5033358955
0.5663960592
0.4185666701
0.8500246263
0.3638944199
0.9735147442
0.8623064105
0.7838414908
0.0239358877
0.2904638835
0.8264907356
0.8297928355
0.3281856823
0.8167624400
0.3263295446
0.6206559851
0.3651415859
0.9346349528
0.4096523485
0.0270204351
0.1324523420
0.1265125251
0.2960093195
0.0286334398
0.2422225964
0.0351777883
0.2330877397
0.5056413136
0.3135578328
0.9664966710
0.9095496212
0.8004842450
0.7387057751
0.4279620656
0.7584363454
0.0396574882
0.5234046950
0.8627092462
0.5543015879
0.1467871497
0.0516256550
0.6723830525
0.7419633806
0.1785383595
0.6942081074
0.5556609349
0.9933336411
0.9585054751
0.6015193021
0.7349097731
0.6285563460
0.1465063892
0.3328826214
0.7582185938
0.3799054927
0.0716161396
0.6524585584
0.8709910328
0.7462886173
0.8727909126
0.9968679231
0.3591836309
0.7992848817
0.5810072501
0.9888528836
0.6504148352
0.5221345659
0.5156482687
0.5004526797
0.1081883646
0.3218440145
0.2323519084
0.1385242608
0.1772511553
0.0601678654
0.2413130692
0.7487535868
0.3015327682
0.8612347982
0.7732527094
0.0582861422
0.6151926252
0.5424511257
0.9760692660
0.7961529908
0.9433158647
0.3097378641
0.7642822778
0.2922435873
0.7379719268
0.0941736063
0.7758003452
0.8764012654
0.6760675084
0.6666133383
0.7703768574
0.7238426945
0.6241667342
0.3703024318
0.6729715831
0.6333974523
0.5109800511
0.0417181771
0.1574031863
0.4753527930
0.2543925379
0.5753838223
0.4759016750
0.4794524779
0.1577963966
0.0840378021
0.4233393417
0.0643165968
0.9690419878
0.6886894255
0.8031743278
0.9509268201
0.2270650451
0.2822136254
0.1644025889
0.1143113069
0.2301354114
0.8858586906
0.6270121447
0.1931155770
0.6935018635
0.6858196452
0.5707769522
0.0482356815
0.6970996645
0.1540605477
0.2956255875
0.5792494078
0.4447969837
0.7029042514
0.7117538371
0.4467402096
0.3627030541
0.9502304427
0.5230497232
0.8966984106
0.8101876053
0.8230827673
0.5520691904
0.6268834754
0.0305712550
0.8110820455
0.8559384746
0.7579426567
0.7422317829
0.6895745667
0.6797424548
0.4314380745
0.1797176386
0.5143522691
0.7185868746
0.2896011277
0.3261536658
0.6646608962
0.9556823453
0.1531773817
0.4522539840
0.0327086563
0.7343858470
0.8229312226
0.0050585141
0.0184468009
0.0353821745
0.6682074071
0.5618907408
0.6976810318
0.9251014588
0.1802174659
0.9149499432
0.5636957420
0.0343365810
0.0949170079
0.2701517836
0.4410267899
0.3372581723
0.2981016628
0.1946461347
0.4175861708
0.3707726027
0.5751334795
0.2683897993
0.8273564360
0.3796198290
0.2704654733
0.7132094466
0.9111692843
0.0221617968
0.4733188125
0.0692812028
0.4091755334
0.0131900678
0.6854700362
0.6948983759
0.1570032191
0.7531041089
0.4207582725
0.6842866263
0.8053275931
0.1408564346
0.3740965406
0.4405583425
0.4640628914
0.5050158997
0.8022254229
0.0026830670
0.0943078040
0.0312621356
0.4227129481
0.5365183619
0.2641091407
0.8823269811
0.2695718664
0.6943579265
0.0736701440
0.1741095190
0.2586862241
0.7393684304
0.5652104358
0.4917939748
0.5813337165
0.4757725251
0.3088295085
0.4975500774
0.3241504525
0.9966552650
0.7850393972
0.1571493718
0.2094923996
0.9387594464
0.7300158124
0.3757583455
0.3705136298
0.2225753800
0.8244113897
0.8822268244
0.5862372346
0.8892017408
0.8136568823
0.1312211750
0.4342878988
0.0767159597
0.3651338447
0.8045284120
0.7090205421
0.5082505629
0.1672101997
0.3018256534
0.7837559429
0.5861329248
0.1360677570
0.8907926929
0.5527888763
0.7226436750
0.4722462710
0.0430758798
0.9763118329
0.8729761172
0.1096018314
0.0779806794
0.6212778472
0.8167772638
0.5754722269
0.9617183127
0.5996811734
0.8414813011
0.7762280752
0.0652597967
0.8214029345
0.3191200529
0.4507283818
0.3919135489
0.8910162067
0.3093863216
0.8559067820
0.2252857126
0.3769709065
0.7500258894
0.6851224682
0.8533227760
0.7958960540
0.6249796653
0.0332354781
0.5886802259
0.9485566990
0.3924401467
0.7415451237
0.1488934923
0.4529254238
0.3175973247
0.8582367695
0.3853851936
0.1689486939
0.5206977450
0.3669996197
0.1626084268
0.9598290543
0.8469162564
0.1215207720
0.3996150773
0.3306036361
0.4553119886
0.4285929665
0.3619877203
0.9276153678
0.4314871291
0.0041788040
0.2331584745
0.6944806223
0.1358185348
0.7021150970
0.4484352051
0.8504925931
0.2290128877
0.0196031752
0.4705658201
0.7997383376
0.2022405214
0.0564434295
0.6447203959
0.8156944516
0.3766474030
0.3129025006
0.9523268844
0.7579453512
0.7875171120
0.8001010329
0.2980596398
0.4883663246
0.9728176912
0.1469360051
0.5534379482
0.6315958757
0.2318824340
0.2480678002
0.2755184321
0.6382879680
0.7058774711
0.6826569785
0.4158378876
0.9873776337
0.8558900494
0.9440599300
0.8152437130
0.8010850318
0.8361297633
0.8329316013
0.0814225263
0.4683992046
0.3854313634
0.9449244011
0.3444090917
0.4836042057
0.9358850665
0.4203134745
0.2085651254
0.3540625295
0.7289336368
0.1876333913
0.5544069469
0.9175561446
0.3661214649
0.4034604183
0.9592503538
0.1206969621
0.5538414141
0.4126468846
0.3561901814
0.4883789464
0.1849514299
0.4786827955
0.2217442432
0.8554956761
0.3158274632
0.1121735966
0.3016386915
0.6414882519
0.4930502102
0.6948832276
0.9024064134
0.7445904125
0.3310621589
0.1617050844
0.7773534664
0.9797102162
0.9896037340
0.2699579768
0.1837162400
0.7188460430
0.6454441012
0.9790080797
0.1887957903
0.0908482802
0.8870449531
0.5645265318
0.9974206713
0.6492220017
0.4741832604
0.5980573419
0.5497450266
0.5646625249
0.2830560501
0.3230335288
0.2245186881
0.4855906906
0.3227360862
0.2254009897
0.3144334956
0.6837601524
0.9568813463
0.3047878474
0.5693509600
0.0815842358
0.1862515731
0.3301894686
0.4943992746
0.3686077107
0.1897938545
0.8653119305
0.2976157220
0.0274395965
0.1772988309
0.8614511159
0.4089045013
0.4579537065
0.8279456556
0.2826331362
0.2151199553
0.5210884836
0.9341431167
0.1433628749
0.4998380890
0.7787614427
0.6435681177
0.4493544849
0.3008273809
0.0057909707
0.3288441991
0.8844539534
0.0175953237
0.7246058825
0.4510674505
0.0906404228
0.3935855727
0.9927200667
0.6461614384
0.0352951300
0.2052495152
0.6286013971
0.9036812008
0.1699424748
0.2231744508
0.8929953295
0.5725024433
0.0485642380
0.2191480867
0.2218924422
0.3462757236
0.8560857182
0.2326659294
0.4162755015
0.3423537874
0.9401048347
0.3419568577
0.2689067012
0.5149275049
0.3865743130
0.1544785901
0.3216645773
0.2165514965
0.5810018802
0.8986010276
0.7874714904
0.0333397749
0.3415962941
0.2089156007
0.2445010876
0.3297786590
0.5899226315
0.8296678124
0.2269229322
0.8937210447
0.7695977383
0.6291880675
0.7638510062
0.0438603818
0.1614362314
0.2587404778
0.6512100303
0.8869786941
0.4509124502
0.4855501379
0.6411680370
0.1111984754
0.9127764636
0.0340241718
0.8442547878
0.3902182561
0.3982296532
0.0457814446
0.4487400898
0.9746893684
0.6042152502
0.0457107869
0.2611961675
0.9239878770
0.4642487846
0.6293220732
0.0160844193
0.3308344680
0.3349040063
0.7316334885
0.5640409020
0.8354400689
0.2412373961
0.4769156321
0.5210291327
0.9366332230
0.9945789911
0.8891028436
0.1514916011
0.1193396102
0.7408282247
0.0999730121
0.2464147599
0.4928692327
0.6531941645
0.2343231801
0.2696877968
0.6428010339
0.5569764068
0.1024695934
0.2064565406
0.9150776922
0.7107721012
0.9467051402
0.2732905029
0.1934829536
0.8680005726
0.4856239371
0.8815106029
0.5487030211
0.0516752792
0.5064167235
0.3458713932
0.0605059107
0.9228414966
0.1970335754
0.5433021125
0.2786054917
0.5224995663
0.6502108498
0.0937534024
0.7134344064
0.6920687068
0.5987544947
0.2667923539
0.9790924485
0.6067823862
0.1915649057
0.6313704985
0.4439686281
0.7807325065
0.7712362016
0.1668397477
0.0756387890
0.2611275632
0.7709553083
0.4458661989
0.6732047182
0.5516995483
0.4143075233
0.2665433485
0.7940588836
0.7476560270
0.8548459739
0.3962825163
0.3202517792
0.4716525196
0.0638974475
0.9244009411
0.4066177727
0.0249053419
0.5840812764
0.6540132111
0.0000389555
0.6547254981
0.9714460963
0.0945404719
0.9417104700
0.3278700493
0.5119192438
0.8267311375
0.8702273803
0.9115810977
0.9435092794
0.5604584888
0.6258215385
0.1825969396
0.9067645333
0.9915118136
0.3390517768
0.4432128165
0.0778062485
0.6896177529
0.4055726576
0.4596565371
0.4474196048
0.7812986378
0.2862062592
0.2685976498
0.3207002552
0.0091886415
0.4334974710
0.7919942866
0.0479754654
0.3236473602
0.5411828806
0.6606739008
0.9462500639
0.6248244015
0.4237164465
0.4023168421
0.7391646844
0.1408500695
0.2671187553
0.4649195778
0.9033439502
0.5017718254
0.2790696012
0.3227874484
0.0886445050
0.8481959133
0.6287140337
0.7967646076
0.2227598016
0.9239852581
0.4202331616
0.8587464503
0.9515909201
0.3885937476
0.0951166504
0.6255433713
0.5074417691
0.5738134659
0.0829221670
0.6728604074
0.7648673225
0.1250884804
0.3620895844
0.6396444042
0.5035012059
0.3447680292
0.5162663585
0.8886870625
0.1634594170
0.2624210430
0.5104695722
0.4621000103
0.5148737547
0.4831950972
0.0599990064
0.4033004968
0.2714501427
0.2625477075
0.6393202740
0.0558445024
0.5785518694
0.7212686889
0.3628541030
0.4889089706
0.0930687285
0.2061193454
0.2478374024
0.4032218135
0.9490187462
0.1580680965
0.6504971769
0.9060518758
0.0138757389
0.2095444110
0.8129159777
0.6788368074
0.2102219587
0.2004604414
0.1386382874
0.0936962743
0.7532827080
0.4224741546
0.5231170748
0.0286760895
0.9590357212
0.5133668438
0.1565445821
0.0447908624
0.8000235704
0.9961471493
0.2451379755
0.0339548864
0.6797750534
0.9793230543
0.4825744570
0.6288987432
0.9011770065
0.0819483614
0.3061103630
0.7968707749
0.0071132946
0.5531415064
0.6492987568
0.7642057840
0.0066116569
0.1221167430
0.4160988769
0.3738237898
0.8564357083
0.1149495330
0.9568005884
0.9474899759
0.4640253075
0.8733438894
0.2907487967
0.6150254170
0.7321827878
0.7961141249
0.2900977376
0.6726752861
0.6535333559
0.9351132806
0.4489065539
0.7724521466
0.6032272109
0.4397343146
0.6146253869
0.0088768101
0.1925467968
0.1340135833
0.3662937898
0.2997257576
0.4908082210
0.0137708987
0.4474949699
0.0479583486
0.0359655567
0.4731121619
0.5961048366
0.7339891855
0.1562399772
0.9252976127
0.4769765855
0.5454724979
0.7562726726
0.6748085208
0.5068088843
0.9369177225
0.7761627560
0.9674394505
0.7548440902
0.6646238744
0.3334566404
0.4057557293
0.5365426171
0.6717651494
0.3568652931
0.8349806153
0.5192013447
0.2170011422
0.1381977194
0.6890695118
0.1912848588
0.9246223542
0.1279066754
0.7274926571
0.9690881721
0.4649087285
0.7209993295
0.8357310384
0.1315617137
0.1577224982
0.8420271190
0.9497884267
0.0940868655
0.3179484255
0.7591869975
0.6558665966
0.1498886333
0.1782590411
0.9997032172
0.0119709828
0.1963081421
0.3509448281
0.3297254188
0.6951132901
0.7690662119
0.6958230241
0.6975652832
0.9797146708
0.0644727389
0.5933235084
0.9882056366
0.7721344202
0.2632005718
0.6120094475
0.0427848304
0.0846451707
0.6313833119
0.6593230401
0.2423343831
0.9139770929
0.2129995376
0.8832278993
0.4113031313
0.7717284969
0.4408468773
0.3134671597
0.4425528972
0.9865439120
0.8435291817
0.1949565326
0.6344432449
0.0876173237
0.5843590539
0.3226195449
0.2666905418
0.2679361746
0.2032869619
0.6439680378
0.1708114829
0.8285922675
0.1502393618
0.0729531874
0.1242205256
0.7743742813
0.9085454148
0.9227869933
0.2809961857
0.7028924803
0.5139159401
0.3852056303
0.1510281919
0.3308217315
0.1208409452
0.9737666504
0.0960932422
0.0391213956
0.5132959866
0.9656471829
0.6322024426
0.4264534317
0.4028272857
0.3181911043
0.8378895531
0.4097192118
0.1507921657
0.3639296219
0.5651559763
0.5764943426
0.1404158917
0.9698924020
0.9816010514
0.7688706940
0.4097535020
0.7271085108
0.5127414841
0.6461230882
0.3907426279
0.2113475468
0.1182192139
0.9103284556
0.8903539032
0.1780510179
0.5034586276
0.6291541731
0.1941880532
0.7186106388
0.6890060644
0.1249235821
0.5906450517
0.9713846969
0.0626003009
0.1232569542
0.5796292455
0.8287293341
0.4539184349
0.0071352079
0.9214395602
0.6346875964
0.1944320754
0.8198912914
0.9129351607
0.7012460456
0.8422877019
0.3294050973
0.3114701727
0.8791929157
0.5953341491
0.7810438140
0.0033822103
0.8448088244
0.7019120683
0.0361324613
0.2782774625
0.0093115724
0.4995973223
0.7321959159
0.0167579396
0.6506915989
0.1737027715
0.4224798561
0.6189411834
0.5444692924
0.8953971010
0.9390769778
0.0667660154
0.1364213860
0.8342353367
0.9933038907
0.4584914610
0.8659856976
0.6216187497
0.5463263364
0.1067356271
0.9056850505
0.8486435733
0.1525365223
0.6813306887
0.1248855945
0.9521864787
0.3981482756
0.6780676540
0.2830606831
0.4009008892
0.9412440124
0.4881156214
0.7592493062
0.7030894655
0.8246473300
0.8476749688
0.8732002967
0.8773870716
0.2445118932
0.5113895577
0.9242957830
0.6392250002
0.4545781570
0.0950840553
0.0777170892
0.1911183616
0.1263030478
0.7753248131
0.8841335238
0.6321336761
0.2706943516
0.5599677663
0.3782489493
0.2300901426
0.1250270078
0.3289207957
0.1718134326
0.6683619555
0.1593855343
0.7926752042
0.4921574069
0.6895369636
0.0477476068
0.4940276886
0.1233616807
0.3397669737
0.4635269387
0.4972591375
0.4343239653
0.6828848897
0.2463409607
0.2525266668
0.2156896189
0.0954243646
0.7972952451
0.1411844284
0.8866887522
0.5778577500
0.0552044098
0.8205156694
0.4068559779
0.0284208241
0.6687904400
0.3609257187
0.0785540432
0.2578040149
0.9120781814
0.2979950864
0.4034172986
0.2345383435
0.8859399760
0.9931763142
0.3143129374
0.6575384650
0.2489815431
0.6327948768
0.3834940003
0.3836622777
0.2119009377
0.4190598086
0.1382035987
0.7878831712
0.9524578428
0.9589638599
0.3055927354
0.0971030432
0.0108477048
0.3173739086
0.1032817612
0.8565600888
0.2054118935
0.3576943885
0.7695874827
0.4568220676
0.8084900626
0.2924820101
0.7451435463
0.6275825978
0.7807211893
0.5810290146
0.3546485780
0.5786512037
0.3907799960
0.8393920349
0.6619310500
0.0751578464
0.1779252372
0.3894613964
0.6776892952
0.9239839031
0.3974595276
0.1022805443
0.0291081277
0.2203019866
0.6154887181
0.5188850711
0.9013898403
0.6590450929
0.5708764383
0.7202992410
0.0693434667
0.4556441360
0.0109944352
0.7834726446
0.8247382577
0.3758978099
0.7144916565
0.4612706155
0.5752346541
0.9688318959
0.1576752122
0.0472916046
0.8299989742
0.7927587898
0.8969799273
0.5416387059
0.3217306737
0.3274331970
0.1697421388
0.8561265867
0.9195424581
0.7500933590
0.8190841316
0.3470001784
0.0319988226
0.8042109544
0.3735106962
0.5942716603
0.9237941505
0.2082882834
0.7011783933
0.7052561451
0.2400303077
0.1893816766
0.9378393357
0.2657146241
0.8656868198
0.5983810373
0.9900931241
0.4951373670
0.7737268000
0.0263282139
0.4982903006
0.7650828853
0.7480527495
0.5225603947
0.6725539355
0.6139942453
0.4012800583
0.3139394086
0.3796399664
0.6089157112
0.0463588720
0.1535611123
0.9016138031
0.4231892370
0.5415070108
0.1083306043
0.7124662237
0.4198220711
0.9495494060
0.0768672885
0.9085169989
0.4452002964
0.4813813632
0.5765715190
0.4375203012
0.4037027353
0.0318729211
0.6881857153
0.3373164736
0.2779717762
0.8716425584
0.6964796696
0.7338065317
0.0863789197
0.7705038448
0.8581189045
0.4044275574
0.2139569954
0.9752213891
0.5458860281
0.7064741443
0.7109437990
0.8324294607
0.6419452840
0.1743881631
0.9418573088
0.7957884162
0.8159114766
0.0241865939
0.5040832622
0.1273881758
0.0130710273
0.6847565651
0.7035897564
0.2330352987
0.6242649567
0.0211273040
0.0865981729
0.4554911119
0.4391182832
0.2609856351
0.3855689401
0.2571762834
0.3617957660
0.7014392154
0.0888936129
0.0349522577
0.4425960012
0.7109917823
0.6388858190
0.7539593806
0.7953096910
0.7699774649
0.0112527283
0.1246052233
0.2399882465
0.4824591260
0.6905300073
0.7378332136
0.7628203691
0.7219442808
0.7175267152
0.4715028765
0.5488447718
0.4340798006
0.5792093680
0.7718487019
0.4611331196
0.2643416251
0.7896936827
0.3817248983
0.6503658697
0.6991712942
0.9719415413
0.4214852855
0.9031929118
0.9632693908
0.6686508285
0.0144746816
0.2759730421
0.2789179172
0.7734336305
0.0990272363
0.3507612734
0.2447214373
0.0331970258
0.9424130153
0.1355474664
0.1462671783
0.3124658503
0.6135454453
0.8582986177
0.4248680279
0.7569455032
0.9830717416
0.4867615063
0.0006361090
0.6910832618
0.0363816604
0.4665658187
0.5717155629
0.8234655580
0.9856334398
0.5412231981
0.3382897557
0.6359248593
0.9891099896
0.9715949414
0.5961807073
0.0091472327
0.7375396636
0.8291261040
0.1224293111
0.6694318455
0.1410275108
0.2493733919
0.2185976610
0.9708880880
0.7160955562
0.4180128501
0.5419711763
0.9095605855
0.9847611229
0.8801932804
0.4084631207
0.0396698074
0.7304522720
0.7113359870
0.4239336326
0.0525627338
0.4218673536
0.3246114922
0.7453489083
0.0791024219
0.4744056064
0.3350262531
0.7862355474
0.2608448483
0.0193661036
0.4861025333
0.9252768326
0.1277248574
0.6716779758
0.8917396192
0.4677792423
0.9657261715
0.9597651247
0.7724506520
0.5781086011
0.2712586453
0.0440521582
0.3846235667
0.3682858805
0.7807944013
0.8115026511
0.9250575917
0.4429441330
0.5620430365
0.2573146634
0.6875481353
0.6215103839
0.7250214970
0.4362997510
0.8899152927
0.8063243552
0.8934375565
0.0050117469
0.2324297396
0.4466334015
0.5675785205
0.2921933044
0.8928678565
0.4300643085
0.0908326370
0.6241299397
0.7518968512
0.1303774752
0.2542264033
0.7831602793
0.5748145289
0.9077877576
0.1888418990
0.8657967764
0.4464216101
0.0080001383
0.4583236955
0.0463502962
0.0094287394
0.4688234756
0.5161537895
0.9967405582
0.2185610915
0.3562648449
0.7432481096
0.7709776580
0.8214985389
0.9259432428
0.3280810338
0.0579347727
0.7097245033
0.3397262568
0.7791978932
0.9789913107
0.9069584504
0.2506761125
