0.2827360063
0.1222495395
0.5698640805
0.8015194595
0.0881962510
0.2110117915
0.9026678941
0.7550811981
0.1359564768
0.9210662542
0.6792250173
0.7457263467
0.3539120403
0.5345177054
0.6510850733
0.0404413756
0.5000116739
0.1955931863
0.0270274696
0.6992177288
0.2582934083
0.2302823742
0.9399554343
0.3209787407
0.2221471382
0.3018040883
0.5075653199
0.5946774857
0.0498656746
0.4337619919
0.0641164535
0.3523337606
0.3810664240
0.1649196507
0.1426118416
0.2076154371
0.5602024769
0.5648404422
0.3215382702
0.5326333948
0.0032711552
0.9224916720
0.5215985518
0.6211897127
0.5149503817
0.0292446959
0.0202532692
0.6193758114
0.2279036379
0.9490266258
0.0001783215
0.7745951695
0.8709320978
0.4749149799
0.8894949338
0.4281888353
0.1223289622
0.9827914903
0.9239945025
0.5769808934
0.8980004069
0.7516687618
0.6691663917
0.9016695823
0.9573298889
0.4272522389
0.5939040225
0.5279937740
0.6461713494
0.5811296239
0.2224478033
0.1326853216
0.9985745822
0.1576264655
0.1245366340
0.8389616587
0.5052730095
0.6308318042
0.4210655642
0.2721080359
0.2465665605
0.0268491481
0.9246225593
0.3873613105
0.7553673942
0.0504605004
0.8927899054
0.0998181760
0.3190125980
0.5835708174
0.0176965923
0.1518652677
0.6820932301
0.3949500619
0.4506641783
0.4237365352
0.7376674118
0.5487078191
0.6796216630
0.9140311276
0.9837108183
0.0990904669
0.3999480731
0.0046965729
0.7648652065
0.3970619178
0.7822280540
0.0096773722
0.3984128917
0.5991877050
0.3472677755
0.9813370775
0.9221774777
0.0755557622
0.3872338590
0.1155647035
0.4244544795
0.9967050285
0.3283706593
0.8033163641
0.3992206729
0.9062979102
0.4251156257
0.2159071769
0.3567187000
0.2185022133
0.4779330471
0.2196624771
0.8785444198
0.9142823595
0.6139626465
0.6624605311
0.4820391570
0.8224997302
0.1279887487
0.2337093758
0.7605645477
0.3423085800
0.8292842865
0.1068601177
0.0316440992
0.0737977887
0.2907709585
0.3243890828
0.9512933859
0.5373887003
0.2717966070
0.3309129147
0.0537554720
0.5644192460
0.2965018118
0.9197919251
0.6772729072
0.5925809666
0.9359580908
0.3253745301
0.1764478485
0.9727311312
0.2040740581
0.8591229920
0.6344254597
0.0656590165
0.2515705965
0.5016716613
0.2765907367
0.2719593244
0.7709871971
0.0043006588
0.0547533378
0.9529437676
0.9028172545
0.3667687925
0.5253899163
0.0564968170
0.6569479947
0.9708840918
0.5381670620
0.1154372520
0.7846517888
0.3706990076
0.4322857824
0.0318688475
0.8835244390
0.7219477657
0.3137169435
0.4891575348
0.8905326468
0.1802708514
0.2457710821
0.2738589890
0.3605394851
0.2441189601
0.8486233429
0.3623920500
0.1607888697
0.2054484203
0.5505404058
0.3570015516
0.2294087170
0.7058112098
0.3893648124
0.9264670320
0.7400913252
0.5062541829
0.0173009717
0.6338229637
0.3535049909
0.4131263239
0.4219514482
0.4871448182
0.9602139072
0.6214696895
0.5325503985
0.4129773728
0.1978441595
0.3635559637
0.1034234318
0.0454254441
0.1451036786
0.9306767664
0.6988721422
0.8435345730
0.6150040319
0.7858021168
0.7032669666
0.0907817268
0.2962232411
0.7260503309
0.9149577728
0.5415784801
0.2984894490
0.6653885254
0.0264767355
0.1627259292
0.8605146096
0.5080889445
0.4226738533
0.3034430038
0.5577577679
0.1162156137
0.6282924338
0.8244378816
0.7492293180
0.8997353839
0.6188914747
0.6856802795
0.3583918020
0.2102935117
0.4437320908
0.7454289681
0.2495940850
0.5468989399
0.4303244160
0.7455354531
0.4583168433
0.1453563763
0.2716103232
0.8645656287
0.4793980894
0.6355826330
0.8154230715
0.9309192681
0.0404226844
0.3628880769
0.7637411028
0.8795767156
0.9981652384
0.5946271185
0.3303799600
0.7957472230
0.2969107102
0.7936590144
0.6627069366
0.2109845891
0.7217343056
0.9136589239
0.7272970933
0.8394523574
0.1532624519
0.6596913411
0.2999964759
0.8955095936
0.3837778266
0.2685477263
0.0979991199
0.1566871886
0.6404457404
0.4316566433
0.2262160981
0.8168251517
0.0904676978
0.0995347013
0.6106592121
0.2580667645
0.3025004485
0.2627356328
0.2831492136
0.8623493712
0.9134618261
0.0922938933
0.5076957808
0.2608470578
0.3225565993
0.9655854972
0.6134532925
0.0274950124
0.9860764600
0.8915943814
0.8462279221
0.2051293501
0.5506021707
0.1437356148
0.8499193745
0.8658162585
0.2783512136
0.3323252961
0.5888482645
0.8178711029
0.7136997330
0.0453942251
0.0477404770
0.3889303915
0.5360479317
0.2047638594
0.6728525035
0.7379222359
0.1001524441
0.4805918892
0.0172273444
0.0847034123
0.5023332251
0.8226841792
0.5349001653
0.9743541109
0.8280735172
0.0492536441
0.1834895767
0.7356578456
0.0220645425
0.8810691712
0.6343230073
0.6026602812
0.5159557262
0.4500771014
0.0296933352
0.1054266129
0.9362224302
0.5091508554
0.3388160857
0.9267460074
0.3862624182
0.1784756211
0.4278947601
0.5544197662
0.8947708419
0.9378067085
0.5201445286
0.2023480044
0.7821437436
0.2659218692
0.7776459589
0.4111286009
0.2696097141
0.9727956155
0.2864929469
0.4944830821
0.9163318532
0.4299637158
0.2918371669
0.9640119175
0.0105252102
0.2119049148
0.6024690689
0.0346464444
0.6936585134
0.8202260393
0.7603896455
0.3421287834
0.8231744407
0.2500321788
0.8911250955
0.3274373148
0.8669186041
0.6198457169
0.8345106254
0.6412770898
0.2669571509
0.1527079749
0.5355742315
0.3180087005
0.2146700199
0.2395813854
0.6735748114
0.2327235110
0.8498885637
0.2484072184
0.4798710287
0.9117416640
0.6192899283
0.8916524099
0.7716459280
0.0115393323
0.6691642564
0.0318539385
0.5680138368
0.8222972129
0.6298510621
0.2693036896
0.7632978295
0.1130479895
0.2591186766
0.4476909902
0.5993086926
0.5193438141
0.5586299042
0.5933841347
0.9131426764
0.6278136911
0.7850987336
0.9845702971
0.8843393039
0.5674737237
0.0263404838
0.1040711476
0.1784050899
0.4197211504
0.7243883972
0.8066219182
0.5827414181
0.2970419249
0.5383113059
0.5201912388
0.9524725852
0.3413609537
0.1800509763
0.0344552321
0.2123492316
0.0638074513
0.5509223497
0.9970918160
0.2290807940
0.5640557641
0.8023411886
0.2918164028
0.8080935007
0.3082886999
0.0264615822
0.9213679490
0.0134633987
0.4818584172
0.1681376778
0.6512349276
0.7505349768
0.1883295362
0.1355102379
0.4951697214
0.8130023606
0.1255001665
0.4417853002
0.8971296107
0.6146997392
0.0809786224
0.3714611710
0.8191733429
0.6701783786
0.4891132802
0.9973987064
0.3556646052
0.7584897616
0.0789287124
0.2722118736
0.5342170355
0.5489922253
0.4567774880
0.1558745874
0.7912151920
0.2110551142
0.5321683220
0.6720161857
0.8996792777
0.1459552739
0.6169610559
0.3333353696
0.1338043271
0.3791441875
0.8908302459
0.6089014261
0.3654027293
0.2942209839
0.2826030970
0.9094923075
0.9680416789
0.2160633025
0.1668501349
0.7010178959
0.2822942066
0.8522476736
0.1826522699
0.6787906269
0.4538594700
0.9848787389
0.2787104761
0.4628747805
0.6800885686
0.1072782761
0.6464666011
0.5006012109
0.5970383865
0.7761203779
0.3544453964
0.0216886713
0.8675081248
0.8648973613
0.8348023082
0.5174306004
0.3713907893
0.2974992902
0.5266088117
0.1297669921
0.5187813767
0.8428970696
0.5322929927
0.9290879318
0.3986364367
0.9141284875
0.6704432751
0.5368791363
0.8179307051
0.3064610103
0.3186080795
0.9018051352
0.7736110226
0.8002182362
0.8093370931
0.8541284669
0.4417139492
0.8103108869
0.6552733765
0.1941768055
0.4349347363
0.1777229256
0.6503275145
0.0321711529
0.2810579125
0.7821587477
0.8159047691
0.7624135379
0.0816448973
0.3642214342
0.4791344340
0.8466213527
0.4513239144
0.7503101043
0.9804043757
0.5694052422
0.3019348150
0.4964068598
0.1641387597
0.4643635015
0.5457866633
0.8640441904
0.7769854917
0.6802484474
0.1846605027
0.4693733831
0.6087463136
0.2383746195
0.2969673893
0.9911932246
0.3064244054
0.1621036502
0.5983974523
0.7041178819
0.9895175184
0.5864502123
0.0827386137
0.0188975391
0.7550170626
0.2897458920
0.9332778561
0.0474743777
0.2831456395
0.0674574623
0.0925869653
0.5518886170
0.3596826896
0.0967016216
0.4177216277
0.5063045154
0.0725156348
0.2721440418
0.4424168199
0.5416225878
0.2215566878
0.5889505200
0.3308448532
0.2005907794
0.6157538474
0.1447465599
0.8191176622
0.3488489712
0.0320731553
0.8365372840
0.4736050437
0.6608099961
0.4457209406
0.1983192989
0.7632612086
0.0608877065
0.4726676459
0.1483670412
0.3167470565
0.1959887946
0.7791638903
0.3587369490
0.1984214872
0.6207216861
0.4727036206
0.8842131874
0.9901023443
0.0916231249
0.1922194597
0.1033698433
0.3224216026
0.5554288040
0.0912979275
0.8538156495
0.2687826036
0.9929924662
0.0936280596
0.4778497270
0.6423442535
0.2743512501
0.3255663661
0.1247924086
0.0433078858
0.5437965777
0.3881309134
0.3194774051
0.9580098326
0.2823494167
0.1413788507
0.6165307996
0.8514855831
0.5039817491
0.7087205133
0.8941654781
0.9311669309
0.8869790690
0.2124884343
0.4276192833
0.4146813906
0.8802961751
0.1687741985
0.1199952174
0.9861937838
0.1302587603
0.7351348705
0.0620622496
0.2075983132
0.5221257879
0.6668968328
0.1767734088
0.0744977211
0.7065067892
0.7117448754
0.4302971579
0.1170134184
0.0575900272
0.8788418938
0.8052513760
0.7785382899
0.3312887952
0.5318362417
0.4652614734
0.6920070454
0.0704433771
0.4645714710
0.2672545563
0.7337426171
0.2602151863
0.4565939040
0.5754209538
0.2113269498
0.0234452612
0.9833746260
0.3362278187
0.4251700437
0.3561630570
0.7917533999
0.0611842904
0.4708666783
0.4267312267
0.3010763182
0.5678465324
0.5678444609
0.6138214907
0.6944952507
0.9262944674
0.4862065505
0.5092890196
0.5142260291
0.1794715427
0.9510606215
0.6095426090
0.1512693262
0.1594785377
0.4335383721
0.2441490423
0.6269109217
0.1974243138
0.6267638827
0.7558945302
0.8521983296
0.2033544408
0.8568509139
0.1853995725
0.7837673986
0.5610237402
0.7740957033
0.9433814705
0.0008779592
0.7367316349
0.0953945612
0.3658205146
0.6089268764
0.5066532602
0.0926852985
0.0172496247
0.5040026904
0.6308068679
0.5483010076
0.3646158646
0.6257798332
0.8274776684
0.7217461862
0.3805669155
0.3057829357
0.2584686734
0.8262943348
0.8376605492
0.0698302426
0.1069787345
0.5043206561
0.6043955745
0.3720665130
0.3544760359
0.8380456888
0.1996072274
0.7752040786
0.6510743404
0.4127815865
0.7908754407
0.3244526555
0.3754721172
0.0609107121
0.6921494418
0.0611932721
0.4751591624
0.5965718660
0.1904925603
0.2954875996
0.9379055429
0.1446731550
0.8884461959
0.3519938743
0.2293144353
0.2289756935
0.8454863905
0.9010098643
0.6072440373
0.4064884931
0.5570806792
0.0904455793
0.1224432266
0.1514989558
0.4801318166
0.8488784049
0.0188052251
0.9857923451
0.0085633200
0.9099493998
0.3613141168
0.1525060298
0.6764253037
0.3612595178
0.0344838491
0.6736710728
0.5477336043
0.0314940979
0.4961134325
0.8267570644
0.2085150909
0.6929013250
0.4036278526
0.4761696687
0.2737859589
0.5981632331
0.4927704927
0.5350805250
0.4047730714
0.6512246361
0.4198058417
0.2805798701
0.9793846633
0.9845355079
0.3528217003
0.1242637579
0.5231881081
0.3356708108
0.8522533437
0.1910439074
0.8652546788
0.2897602235
0.2602755567
0.1144501370
0.9631931377
0.3409882681
0.3872396393
0.1444158375
0.0296991743
0.9790457298
0.7698148016
0.9819774694
0.6025862746
0.5342776903
0.6685034863
0.6146602370
0.7538306412
0.7365439426
0.6938951685
0.4407133191
0.2497852282
0.1874381956
0.1259086230
0.5776960159
0.1059100713
0.7696215262
0.0272351979
0.9569437085
0.5132075941
0.1665518814
0.7947484377
0.1433086412
0.6201891763
0.1010385602
0.0380558928
0.7132321660
0.0202712497
0.6472442097
0.5292552352
0.5180344300
0.0524483680
0.7262986309
0.8447795950
0.6059288163
0.1586236347
0.7351243663
0.8615094318
0.5199553177
0.8616192905
0.7988753242
0.0943672060
0.1549878432
0.4637864405
0.2938972187
0.7028838542
0.8734745920
0.2149139817
0.3255865025
0.1673200494
0.0099805140
0.1691189294
0.0575049060
0.0477352661
0.2450655025
0.1887216633
0.2222196639
0.4012179710
0.9429218880
0.6937440584
0.8579844041
0.6263814075
0.9772508063
0.2527470989
0.9250352066
0.3760486531
0.4439626399
0.7991533240
0.8069940545
0.0947049192
0.8922113507
0.9376686184
0.5995279625
0.2857254758
0.7859987877
0.8935409770
0.4230247688
0.7042214239
0.8909960896
0.4440350237
0.8599151485
0.9469631945
0.3440886647
0.1090469755
0.7470131716
0.8982431387
0.4314675129
0.8788188963
0.6368379218
0.7703102780
0.3265271913
0.7892598056
0.9028738277
0.5407836237
0.7997012691
0.8012634243
0.4687309418
0.1619661764
0.3594703107
0.9281303118
0.7668045125
0.6277439670
0.9239506720
0.1993473617
0.8086417301
0.3689890555
0.5702454635
0.8708724498
0.9986624303
0.9824785023
0.7708789580
0.4656713540
0.2203568548
0.6658918493
0.0600719540
0.3104917344
0.1494921274
0.8135979896
0.3099027670
0.5853817420
0.6309076930
0.6163946968
0.9044842527
0.9551105764
0.0855977838
0.1775495371
0.4514836745
0.4563042648
0.2140824767
0.0844923292
0.8710230122
0.0401895420
0.4669609522
0.9682606787
0.7383212568
0.7908862324
0.9167364203
0.2157533242
0.0226685271
0.4243623386
0.7217429216
0.1201171316
0.9783636698
0.6395582937
0.2810713452
0.2840167107
0.7985552411
0.5975210441
0.0846451491
0.1215647460
0.2934371543
0.0059302289
0.1539155812
0.4220429385
0.8341492293
0.8172760439
0.3632340866
0.3482175946
0.3449591596
0.2546484651
0.0774738472
0.4884472984
0.8879407697
0.2998435603
0.6594832883
0.1856294153
0.4084611293
0.8919053099
0.1532357314
0.5475769364
0.4465101113
0.2769195087
0.8623613707
0.7925152882
0.8261130603
0.9392855096
0.3818751386
0.2615167129
0.7129706902
