0.9310543542
0.1739085245
0.8217437834
0.2144686985
0.4114678625
0.9718439083
0.6508540388
0.0994348807
0.0865625856
0.8324564602
0.9978716733
0.6204705670
0.0155190354
0.5443231601
0.1976605303
0.6694656267
0.2157128221
0.6894959582
0.9063056116
0.7485370535
0.7252327771
0.2410047912
0.9375464371
0.0274769464
0.6983568722
0.2637620486
0.5411759838
0.8135512586
0.1670807576
0.7238816117
0.3501909733
0.5813998395
0.2579408069
0.1547595764
0.8949932790
0.2917280483
0.8505214969
0.8012930518
0.3792574165
0.3116526104
0.8634520841
0.4324997480
0.3230490513
0.3155153348
0.2111686590
0.0772537117
0.5177365182
0.0210149346
0.7954720564
0.0999097155
0.8739579904
0.3540200473
0.2163352309
0.5626884771
0.5257572426
0.8233573606
0.6754809625
0.0108295069
0.6829588651
0.7014413419
0.3685121714
0.6244798665
0.5523005241
0.6731135473
0.0191489481
0.9267505044
0.9227406502
0.5609463656
0.1705508565
0.2715966223
0.7877822703
0.2231105015
0.3999567121
0.6748226220
0.3049552322
0.8043503764
0.4670694484
0.6799240121
0.6484506921
0.4202407657
0.5895862426
0.0323476212
0.3945170062
0.5088975462
0.6783163141
0.4117891945
0.2041195858
0.0228759096
0.2529325417
0.8582171187
0.1121099167
0.7985685862
0.0994017452
0.7978904492
0.9082862921
0.2387918588
0.2280090720
0.9722526288
0.7307816827
0.6799706404
0.5296964294
0.5914751461
0.0885421089
0.4634953720
0.7576771261
0.0180938190
0.5111649584
0.7440992106
0.3973296996
0.8692858261
0.6007741689
0.2058858138
0.0675620943
0.4794409842
0.8451225011
0.5380189168
0.1508992826
0.3216376568
0.8004814509
0.4225484209
0.1526123882
0.5708489484
0.9028727557
0.2691104262
0.8265894174
0.6440142320
0.4343216885
0.7911398761
0.9544978756
0.1919589675
0.8809757252
0.6408544271
0.6801214762
0.6992401614
0.7596151296
0.6422795860
0.6567288029
0.7937902738
0.0602511658
0.0697397488
0.8106381860
0.0476765231
0.2143549520
0.5220241483
0.5529066370
0.5493945051
0.9708786294
0.5274170315
0.0901515377
0.4036381349
0.6003274887
0.1003201535
0.2873681704
0.2092371611
0.5294581600
0.2728123278
0.1538762172
0.4739646036
0.4476519826
0.2735111964
0.7802936613
0.8498059575
0.0391162133
0.8495749532
0.8922349847
0.3289269793
0.8212157859
0.1009483231
0.2243035452
0.4509137926
0.6743594618
0.5866915136
0.8216093030
0.3864192170
0.6838616655
0.5146554573
0.9300464791
0.8742438717
0.0106018852
0.0607477449
0.9179995219
0.2001539622
0.3222282674
0.8652442178
0.3616117873
0.3734145957
0.9962980984
0.6727132002
0.1700496284
0.9866697059
0.5176286797
0.1742042142
0.3421530100
0.8418595120
0.7912794739
0.7878864915
0.3703131822
0.9383993437
0.5413312629
0.4324252577
0.3428764813
0.3858917040
0.4830482351
0.9890288830
0.6612573062
0.5304932865
0.0073686910
0.6228601579
0.6751506334
0.9602767442
0.4666692867
0.1721520158
0.2034841727
0.2780992214
0.2350759356
0.9257563830
0.8358225654
0.5331600617
0.6000991276
0.9838265888
0.4872948977
0.9300233029
0.0993069822
0.4381406513
0.0079464455
0.2478367394
0.0616884617
0.5219218025
0.3905276356
0.2798845230
0.6685230654
0.8814270639
0.0650220886
0.1913112267
0.5976626306
0.1603519968
0.8559259305
0.6764929745
0.8917952995
0.2548958457
0.9139671276
0.5439325986
0.8885957291
0.7145153493
0.9220547408
0.0871523317
0.9394878348
0.5257892219
0.8402545340
0.3961989707
0.6888866114
0.6827547307
0.0566464030
0.4183216976
0.7360635629
0.3342065645
0.5940227726
0.7295910122
0.2659646890
0.9797855466
0.6585148207
0.8728081976
0.5509981938
0.2778543927
0.1945804772
0.8853856045
0.8286768862
0.8053313757
0.8540003120
0.1155733915
0.3679643121
0.7611835058
0.4163441456
0.5780735576
0.4576366665
0.2814294318
0.1909468896
0.2955881008
0.3999671611
0.9955680314
0.1369610910
0.9112125162
0.3010718581
0.4306484947
0.5117016054
0.3632434193
0.1039340869
0.4139236730
0.5182457272
0.7957237728
0.5421362560
0.7320128149
0.4070763254
0.1175248716
0.6035726713
0.8704416114
0.3059256222
0.7689857444
0.3550206211
0.0019256185
0.5609195830
0.5238309873
0.4937123400
0.4976229820
0.9658590410
0.4309590626
0.4330859174
0.7311078512
0.7915642309
0.5395206736
0.5302211905
0.7032934430
0.4849864545
0.3878147533
0.2521062359
0.5449447976
0.0550782783
0.6321294761
0.9202828915
0.0757770454
0.9338672394
0.7238284330
0.2477727317
0.2514384953
0.7552833260
0.9474255226
0.4074127813
0.8886548551
0.1163998601
0.4736562651
0.8034057572
0.2930807290
0.5917424042
0.8742519722
0.2635605238
0.4504851045
0.1471144950
0.0245507491
0.5503215806
0.3993826587
0.7560674272
0.8697459707
0.2922745884
0.6519746365
0.5233977629
0.0489656222
0.8857036971
0.4566233271
0.7311139432
0.1836511954
0.3381466275
0.5843784878
0.0718953398
0.2943635243
0.4805743196
0.6517929994
0.1700993490
0.1961598899
0.9817867563
0.1895257621
0.2953294794
0.5516148640
0.7088448895
0.9691771788
0.6495790151
0.2301518162
0.0471378775
0.8187445461
0.4064083135
0.8827643368
0.3317251925
0.0354968037
0.6697747030
0.2379466021
0.0513188066
0.9615886915
0.3388491311
0.3664025388
0.0883214705
0.3239643351
0.4484782807
0.5821362640
0.4913985576
0.8619718996
0.4294649087
0.7671984121
0.5996454959
0.5851839770
0.7512656326
0.4256260250
0.6991290929
0.8210703807
0.9220414011
0.0945608676
0.3239035501
0.9421633890
0.6441001560
0.2164226463
0.6317405585
0.7407061815
0.1417864122
0.2185963881
0.3638858551
0.0862927242
0.6317993686
0.2409557818
0.6903859450
0.1845486318
0.6825630833
0.7973822266
0.1326589920
0.2826356625
0.6015149314
0.8467480699
0.7224065882
0.6424304311
0.5271651122
0.8809288237
0.0666090224
0.4188337164
0.7705338650
0.2826576634
0.3684553814
0.3732880783
0.4570539964
0.3849413394
0.0270137898
0.0054788591
0.0137291698
0.4153973190
0.0780383646
0.2646219013
0.6641679487
0.9678393374
0.9492040795
0.0379753344
0.9969908203
0.3609328616
0.7770400597
0.6562860478
0.5690203122
0.9556624785
0.0413286726
0.8469633493
0.7353881940
0.7689919694
0.2195414685
0.9022997965
0.8862695884
0.5330364734
0.1663502606
0.9807317677
0.1429683616
0.3306737115
0.4477823024
0.4649874047
0.7096195282
0.2968897604
0.9366845299
0.6303709862
0.8010253273
0.5537021939
0.4760842802
0.4776184635
0.2507570507
0.4146817756
0.0483173898
0.6348085483
0.8800229202
0.9133458852
0.5282625840
0.1135427711
0.8417197480
0.0913303194
0.4356723132
0.8661267374
0.0777561005
0.5028651196
0.7401306346
0.6408955238
0.3478923503
0.9002587618
0.4381019487
0.6275655033
0.9519839518
0.9206730790
0.9083006736
0.7474344681
0.0880515790
0.0903292599
0.3751078730
0.2127038425
0.8616951251
0.6019540844
0.7870034377
0.4134108980
0.5531575618
0.9008866896
0.4031667861
0.1169679000
0.4475869764
0.2487774758
0.5427432767
0.7273005642
0.8643321591
0.6056563593
0.9808366119
0.6576320935
0.2661268498
0.4794108340
0.2614042727
0.5383772381
0.6327777117
0.7282483119
0.3531662643
0.1909844098
0.4100006325
0.5394816288
0.7175529366
0.6215679492
0.2065605005
0.5615766569
0.4176671436
0.9393302022
0.9517481095
0.6890808425
0.0642075655
0.6975994889
0.5137950860
0.6451506038
0.5178406483
0.4324359438
0.6645684094
0.9855193073
0.3862422069
0.9773875889
0.4856739601
0.4548357013
0.2084946438
0.8116292507
0.0234542857
0.4787263618
0.1025182857
0.7151146386
0.1720104498
0.0849356844
0.4365810935
0.5419833194
0.3811914503
0.1907477370
0.1258665189
0.8814910786
0.5287526030
0.9574407293
0.2733736404
0.9099470157
0.9128732419
0.7227958722
0.7158114091
0.0393624758
0.2557360858
0.8853261378
0.6845319562
0.7830185669
0.2632581685
0.1565010698
0.7499129753
0.3786581990
0.1508206580
0.7723419681
0.8460028429
0.2426725641
0.0006844721
0.1588859870
0.8232625994
0.4607672618
0.6433126276
0.9165851708
0.6490010904
0.0288091822
0.3487338917
0.5916864176
0.7400768706
0.6778078975
0.6041359276
0.1442935033
0.0293831865
0.0388748676
0.9662849703
0.3483961564
0.6582370130
0.2580590002
0.7598244660
0.8333086921
0.6494173769
0.4013102409
0.8290182374
0.6363292316
0.5987293899
0.3348533021
0.6824937332
0.3624918010
0.5689566866
0.0227698135
0.3198403749
0.2792556863
0.2543473768
0.5286978223
0.1683505135
0.7875800031
0.5131741371
0.0324575585
0.5990613194
0.3857896483
0.2036831810
0.9246166754
0.8131472261
0.2439904539
0.8710721481
0.9465882716
0.3743997157
0.0575743961
0.7813034757
0.4959116198
0.0520174457
0.0351145793
0.3817083260
0.4342399311
0.5201718382
0.1511835854
0.0438048969
0.4683269248
0.4098501671
0.2770461563
0.2199027506
0.6808440973
0.8796303007
0.5689152226
0.9320694396
0.4749621140
0.1290051677
0.1358269533
0.9963516237
0.7496725723
0.2058967693
0.5363936896
0.7531912222
0.7909887015
0.9003030494
0.1583110384
0.0922865960
0.5918852546
0.2908217603
0.8769335374
0.7621473803
0.7078070203
0.7981941128
0.2677090509
0.9670703098
0.3088463992
0.4851456462
0.5549244930
0.8665263772
0.2726435661
0.0854456447
0.3490539359
0.3419257162
0.4402100742
0.7103404637
0.3222779373
0.0537357082
0.0393453458
0.6517530498
0.5168225135
0.2827849862
0.3931645501
0.8493959587
0.4504919589
0.1336279739
0.9128441767
0.0856794155
0.7787855521
0.3547030170
0.0835779554
0.1806408587
0.0191560954
0.7881045995
0.2538233329
0.7674055284
0.4146380162
0.1253935319
0.0350261920
0.5962590924
0.1772785197
0.1956833587
0.3244045224
0.9279922204
0.8779770344
0.2406340231
0.1692898370
0.2466372854
0.8783337314
0.4356167682
0.4772521179
0.6190044398
0.7135666375
0.3565080223
0.3565008106
0.0859017307
0.6195632483
0.8781445248
0.8146236339
0.3795254863
0.7375835790
0.5083072992
0.1101809016
0.8577774420
0.9740427808
0.4539836875
0.0307885844
0.8530710347
0.8416767779
0.2738202072
0.8888865539
0.3776459733
0.6708430185
0.9482390437
0.1574534243
0.4710769016
0.1012916932
0.2709202372
0.4637031783
0.4439442059
0.6181189400
0.5620932279
0.0327486099
0.8032558760
0.9262769639
0.0366637394
0.7634942280
0.8309287106
0.2554834490
0.0982205427
0.7061539292
0.0412019731
0.8463957178
0.9733970538
0.3228634167
0.0451133145
0.3341209120
0.2230347485
0.9143344937
0.5729612383
0.8515733247
0.1461396381
0.2186131191
0.5064355012
0.2474443151
0.1669510981
0.4569153188
0.7766853412
0.9697137859
0.7055866587
0.8026930795
0.2602147914
0.8735235403
0.4445035080
0.8157485639
0.7872896735
0.3198442829
0.5930065826
0.2549730201
0.3640797993
0.7799239821
0.1084697048
0.3383235132
0.8911878612
0.5349102454
0.7873174849
0.8126641275
0.6399218688
0.2309489390
0.1164540907
0.2801097964
0.9901034532
0.1276805691
0.6702734348
0.8712104720
0.4233987034
0.7812879456
0.7005381055
0.6943915604
0.1315779073
0.5653335785
0.6610100988
0.1837294145
0.7445953997
0.1175897199
0.2170000461
0.0159662025
0.6064326811
0.4436571568
0.5085212079
0.4668489113
0.4755594669
0.9897508380
0.3678304160
0.1500141119
0.3114854724
0.1860795689
0.5101992893
0.4051914457
0.1031719730
0.1065806578
0.6342246973
0.5828577851
0.7238927556
0.4758662034
0.3474026471
0.0830367978
0.4661563695
0.4664129926
0.7625237584
0.6451074339
0.4043802074
0.0445765599
0.6189636650
0.5156193917
0.7559338204
0.2275034619
0.7997823614
0.1808569924
0.8761871260
0.0844853747
0.7881241088
0.8885203323
0.7901731441
0.7406392888
0.1883094013
0.5797023888
0.3488306765
0.2771181956
0.4074726817
0.5367498957
0.1243682812
0.4822293934
0.6972520114
0.2662106976
0.6518143657
0.3228707877
0.7881736743
0.9572423339
0.3148749530
0.9380143472
0.0492841264
0.7271976998
0.5207570186
0.0420464339
0.6681100228
0.9886615793
0.8900862580
0.4172176847
0.8351092100
0.7302455550
0.3591717821
0.7203970992
0.5783285790
0.6853863228
0.2491115491
0.1795210147
0.5703117232
0.9626547959
0.9089613733
0.1027266075
0.8684415500
0.9788036918
0.6243512643
0.9369726859
0.3166470875
0.0720783899
0.1529954157
0.5592289728
0.1257944638
0.1512814165
0.5283986454
0.7132396320
0.9179097341
0.8836231888
0.0025301260
0.9508536421
0.5269578124
0.8658475624
0.8102857772
0.9646731514
0.4506114374
0.5170153439
0.3640882755
0.2097955297
0.2031340095
0.5410615950
0.5611182741
0.6179976781
0.6170475928
0.4398693032
0.1743915881
0.5390311317
0.5579462039
0.5000170169
0.5452567075
0.3806049239
0.1941323076
0.4988189500
0.7636418149
0.6623792105
0.8059609174
0.7864763076
0.2247747152
0.1313743923
0.8435745110
0.5182268926
0.0911927917
0.1411522104
0.1228140169
0.0798004808
0.4525445333
0.3844977726
0.2132302111
0.9950835066
0.5106015694
0.3751945695
0.1443247278
0.6879932750
0.5615233366
0.9532641304
0.5227854928
0.7345697853
0.5636954758
0.3104953461
0.4787866749
0.0790945568
0.5563677620
0.1225147799
0.5732594399
0.3893536008
0.8968497623
0.3198335464
0.3648051090
0.3036239302
0.5818652396
0.0743352231
0.3653962963
0.9113373343
0.8097014317
0.4041437955
0.7860470816
0.3577412440
0.5801753788
0.2373812263
0.5219318373
0.8534867060
0.8346009602
0.0588092817
0.8530683200
0.9995949375
0.6647335477
0.0942621000
0.7052995179
0.6106961122
0.2285357857
0.0791595290
0.4209224601
0.9888889455
0.2580901440
0.6208728677
0.1094653492
0.8667920526
0.3425456641
0.4411558085
0.4828523774
0.6429094756
0.0570391692
0.4781782147
0.6068895583
0.2814913600
0.7370084149
0.3367669353
0.7220592368
0.8723691545
0.1471165463
0.6912983739
0.1415968006
0.6760006092
0.3163852878
0.2912564078
0.6883983374
0.8967897889
0.8590020303
0.8174859749
0.1238736730
0.3351596901
0.2313358170
0.0578642148
0.0902056113
0.2982776180
0.5016419122
0.4637940907
0.5225615482
0.5543040983
0.8786777379
0.8819527316
0.6607144546
0.5248260705
0.5961570084
0.7585067380
0.6298459742
0.0726930168
0.0673768602
0.0639878448
0.4853720895
0.4330588324
0.5460828524
0.3803350366
0.1774860968
0.5182156725
0.7675528740
0.1646699826
0.1028051487
0.8057315174
0.2767761251
0.5814258449
0.2755364221
0.9971999687
0.0212953142
0.3307168488
0.6906113275
0.7564482318
0.1570787771
0.5869038010
0.3124879543
0.4638679261
0.5592030769
0.8221379227
0.1180834051
0.4608821607
0.7196714767
0.9770435840
0.2087983432
0.6696315547
0.2727790905
0.2366871474
0.4393103221
0.6010336940
0.3109633372
0.9641107038
0.1577849367
0.5488324138
0.1265864252
0.5855931888
0.0910582715
0.5822259052
0.2360601300
0.8483372509
0.3379597215
0.2100405028
0.7271473661
0.3995942839
0.5418293862
0.3445631351
0.8768902897
0.2100735939
0.0904361721
0.3194746610
0.0598148089
0.5426310496
0.0639439097
0.8764855317
0.7814631540
0.4210476310
0.4030614621
0.7945977697
0.8273006974
0.0460617674
0.8320251385
0.2351195151
0.4162243329
0.0197011601
0.9693832587
0.6409664488
0.5790767938
0.0117468771
0.2235056121
0.0407159951
0.7330885939
0.9375767006
0.7871594658
0.2941479481
0.9311225649
0.1487819413
0.4118850967
0.2801884874
0.3768302071
0.2220517822
0.1443932651
0.4993882680
0.2795068732
0.0541394954
0.5843966290
0.9382083227
0.5559959530
0.8057368811
0.8750337850
0.4454783931
0.1906253800
0.6072851836
0.3659141788
0.8947390044
0.9444095436
0.1884016781
0.9078659650
0.5475096314
0.5738463117
0.8675526594
0.5415099102
0.5029715361
0.9107605504
0.5508002557
0.9158925547
0.7960248012
0.2508123426
0.1299442895
0.0643746477
0.5000600826
0.9880218117
0.9460429070
0.8200863930
0.7803079357
0.4884915542
0.4795472807
0.9382772090
0.2254672009
0.6153107499
0.5280276771
0.3491193766
0.6366753174
0.4387765838
0.4661109596
0.3403805108
0.4718147893
0.8312994821
0.0615172936
0.0934568174
0.0052304821
0.1441942178
0.6819957020
0.5377444589
0.8223280436
0.3867764449
0.8712669112
0.4981231470
0.6803102223
0.0188376518
0.3475104490
0.7801284048
0.3888083953
0.2760088751
0.3243068721
0.7190803323
0.7910153190
0.5745922146
0.6461194200
0.7127411218
0.9406852032
0.2777092040
0.5259144084
0.8088030757
0.7518487962
0.1411742240
0.0255336681
0.4229242151
0.1131100616
0.1268843844
0.8144091476
0.5422791492
0.4296520939
0.1855569574
0.0037654512
0.6806434926
0.5239841054
0.6795333445
0.4177694077
0.1157145789
0.2319746908
0.7824338404
0.2842462429
0.1112516872
0.7120129366
0.6217360350
0.1010060607
0.9892926167
0.9138993395
0.8334278607
0.2255360872
0.2847819978
0.3376015459
0.0021132687
0.5403163008
0.8848265213
0.2976023598
0.4405772916
0.9174562957
0.3587047277
0.7044150976
0.2471081460
0.5511776682
0.5755783883
0.9586372604
0.6782302508
0.8571009664
0.2983439382
0.7072431005
0.4534975035
0.3824085681
0.4483355315
0.2364038114
0.0632642061
0.6688767176
0.6767954587
0.6542728402
0.2233008113
0.7297877156
0.8771159794
0.7411643539
0.4205833328
0.4279591240
0.6030836573
0.2755959353
0.9855981076
0.9239765544
0.4542464363
0.7005969324
0.1080773724
0.0642194874
0.4086949639
0.8797762384
0.2632314794
0.9667007610
0.4710148335
0.5073267066
0.1466644848
0.3822995544
0.8167410049
0.2260358410
0.0353608396
0.6673790473
0.9955708794
0.7191696343
0.6153695253
0.4344562285
0.0577400964
0.3984352236
0.3712183452
0.1121766373
0.1727349856
0.4128445279
0.7975769632
0.6816983405
0.0620056105
0.0165151611
0.6163397464
0.4305800849
0.5970054274
0.3324999192
0.8532368083
0.9500097638
0.8246388592
0.9838766666
0.5844769072
0.1045635548
0.4513105538
0.5315657660
0.4748014120
0.4816029332
0.4812072595
0.4181366639
0.7150295208
0.4527646521
0.5172341771
0.4478946808
0.2344204891
0.6190553623
0.2558376165
0.8520824662
0.6176110783
0.7043809938
0.3283198261
0.6230063697
0.7462607835
0.5410780467
0.2590807742
0.3692583612
0.4933964695
0.8572410089
0.3680970132
0.2548405641
0.1142097236
0.5840561047
0.8958995719
0.6787545722
0.8621372062
0.0197042797
0.9757609406
0.6718630729
0.9006966212
0.3355337455
0.8078991771
0.3203313188
0.2146143952
0.4783367024
0.2712749535
0.3809490362
0.8154008662
0.8019024799
0.5463527575
0.7536072669
0.4077956435
0.8444151596
0.7898381582
0.0513161796
0.1406202937
0.8029248363
0.6472567999
0.1229432769
0.5733390760
0.2289084142
0.0776593551
0.7390270847
0.3659536590
0.9287392873
0.3051220944
0.7223397010
0.0848592750
0.4755496132
0.8597026931
0.5741047908
0.1460691877
0.6733080824
0.0978053451
0.5004151255
0.9744279497
0.2459592236
0.0669456446
0.4190196229
0.8171528824
0.7094848591
0.0984751993
0.2098154348
0.8599658343
0.5384816678
0.5716901900
0.6056404898
0.7381532104
0.6118239744
0.2463150843
0.9200573935
0.6283325948
0.2904376581
0.5158134794
0.7482560646
0.6553168174
0.5907774775
0.9564148712
0.7772779312
0.5441546665
0.1160582475
0.0977582821
0.7546274335
0.6622256631
0.7100938320
0.8199161933
0.2401864455
0.2323774788
0.2043293089
0.9619294133
0.9982479838
0.0924176208
0.4478775582
0.5437918321
0.5478298092
0.3059334917
0.2181479682
0.4456756898
0.4024670833
0.1911008619
0.4009417155
0.2028858834
0.9450064813
0.9384707560
0.5618458757
0.9907710201
0.7106368416
0.3379618098
0.3487072231
0.9450617698
0.5407046085
0.3594913657
0.7619444110
0.8194773573
0.4838435246
0.9632142504
0.2778891518
0.2602286800
0.7420504709
0.0416299146
0.1050162313
0.4207716391
0.7247352616
0.2616073009
0.5546833672
0.6619856256
0.5540323425
0.3203336996
0.1260145002
0.2031734065
0.5470523485
0.2108822589
0.0434292010
0.9750509122
0.6898618387
0.7285917824
0.5250424594
0.0376192230
0.3173550076
0.2420702544
0.0113531014
0.2365733227
0.1846633009
0.3541138365
0.2782809248
0.2707839088
0.6990114127
0.4322046802
0.5596875133
0.4981359746
0.1907475642
0.0993130777
0.5411577742
0.2735127222
0.8308103199
0.8931941910
0.8818062066
0.9937974667
0.9855997921
0.0921334680
0.2425022833
0.8554147348
0.9802186031
0.3575125146
0.2278349712
0.2551446426
0.2098789736
0.0368034163
0.9531517971
0.3932818341
0.0958915554
0.3373541217
0.7084884471
0.3560413076
0.0053775292
0.4836634863
0.5486934485
0.7848321119
0.5310095702
0.7182016386
0.7620927054
0.5513029068
0.9423168370
0.5638584571
0.1472589169
0.8939249416
0.3684131099
0.6728771606
0.6681881589
0.5684325504
0.2282002317
0.8835122170
0.3477586718
0.5668337454
0.8533697443
0.8155942298
0.7199062697
0.4799828651
0.6917883661
0.5718906623
0.6443373889
0.2214634521
0.9047161326
0.3028646543
0.8805320150
0.1792857717
0.8704503502
0.7295874763
0.4859517969
0.1680018425
0.7140030416
0.7975948078
0.9468330678
0.2484307272
0.5354546206
0.3938988573
0.3795877806
0.4623972101
0.2203170304
0.2136180477
0.4253649162
0.7573995604
0.2086212510
0.8947436115
0.2885809894
0.1268488588
0.5419182848
0.5079287015
0.7751617775
0.5180906075
0.4649127541
0.3088144082
0.1718183819
0.1911754228
0.0344894675
0.8279564321
0.1767555360
0.1349271790
0.7540760100
0.0627416516
0.6168302694
0.8170065287
0.9206068308
0.8152596377
0.3028721796
0.4068622164
0.1699595998
0.7676711363
0.4315277316
0.1480960794
0.4592591129
0.2428232427
0.8110329900
0.0195789807
0.9887686055
0.0591776824
0.4399848866
0.3114514595
0.3076655283
0.9447444922
0.9618922576
0.2268756120
0.2630762541
0.4725190070
0.0302880293
0.8702266652
0.4749082222
0.7037764791
0.0443585926
0.1163743402
0.6668458246
0.8691215274
0.3509953138
0.7933962108
0.9823351702
0.6439608882
0.8415685108
0.3654950208
0.6262277209
0.9480600490
0.3143011306
0.7610579175
0.9707948050
0.6143319262
0.7378205798
0.2198526455
0.8355659291
0.8485961027
0.8153973993
0.2342527565
0.5631842093
0.8132695199
0.2912149955
0.2018365000
0.8362954012
0.1415303526
0.3209487577
0.5595812453
0.1241799530
0.1323969433
0.0185528389
0.0872301854
0.1936201242
0.2658349556
0.0236103179
0.9382716606
0.1712987495
0.4613036689
0.0413671956
0.5437318788
0.8196110873
0.1172266009
0.3870381619
0.4884643079
0.6284913164
0.0732124102
0.7997263351
0.1532026763
0.2105815797
0.6245874873
0.0771987031
0.7444813191
0.1314749724
0.6706772621
0.0250391121
0.4267808529
0.3309886544
0.7093392717
0.3106454198
0.3507282691
0.5713795357
0.0258057538
0.0291441548
0.4732257005
0.6032865718
0.3273849960
0.8551245502
0.8110364207
0.1826572193
0.8002013152
0.8217631420
0.8066166336
0.8308334481
0.9272629687
0.2725936097
0.3423034886
0.5411195160
0.9380942446
0.0666499692
0.6249843494
0.2240086154
0.7381986962
0.4897714374
0.4317092369
0.1425922577
0.2661758834
0.7750556470
0.5053067468
0.4321910810
0.0103033378
0.2088529762
0.5528004173
0.1065911896
0.9894086841
0.6140044849
0.5903335523
0.9384499597
0.1684857677
0.1272352399
0.9886415302
0.6611023537
0.2196040536
0.7371152452
0.9887776393
0.1899636322
0.1144445522
0.1461608193
0.0873718004
0.1351181656
0.7330763659
0.5282183269
0.9865729643
0.8863887911
0.5874272657
0.3127720821
0.9888827146
0.4045013787
0.2499834650
0.9214741061
0.8987975734
0.6990359338
0.1017924437
0.7979278519
0.4647883462
0.0363970697
0.4151396698
0.8828921481
0.6648366122
0.1588992283
0.7278893102
0.8223948905
0.5215548656
0.5805972616
0.0846478967
0.8178389944
0.6408698159
0.8128184165
0.1264327904
0.2549316882
0.4060013504
0.2050178787
0.5384316423
0.6384113852
0.3376198243
0.1507714306
0.1769993553
0.4428265223
0.7380908790
0.0161924183
0.8535815409
0.6065091733
0.7331551471
0.9085108941
0.4109251243
0.0880120711
0.0701941199
0.5742690143
0.7311123368
0.9254969402
0.7795507314
0.4405964574
0.3048403494
0.4670866645
0.0805050921
0.1349561569
0.9192762509
0.3479078234
0.3771452156
0.9880117618
0.8912291311
0.6813704500
0.9301002869
0.1946447236
0.8898069417
0.6489531400
0.7356173605
0.4104279104
0.8699455599
0.2507918357
0.3883089604
0.3964019241
0.3149649328
0.1656424263
0.7905250397
0.6908673194
0.7099157808
0.3945942263
0.4621280554
0.6840273330
0.9573952079
0.8852858808
0.7183027709
0.4230489608
0.3553082260
0.4410497735
0.4456411047
0.1653716459
0.4699311710
0.2637246002
0.8248066548
0.2352036593
0.5735612381
0.4759010635
0.0103731551
0.6486247006
0.9894582452
0.6020024638
0.7403435202
0.3070537954
0.1920346866
0.3497819186
0.6197904942
0.5386166081
0.4408667470
0.9426301074
0.2176435748
0.7010093435
0.6934178448
0.6080660645
0.8902416813
0.7737171289
0.0402110594
0.0612479605
0.0175474966
0.9495321235
0.0260368910
0.6348639874
0.9695845110
0.4493450799
0.0841832231
0.5523385609
0.7528081024
0.3176678930
0.2054693865
0.9197271318
0.5460200231
0.9003486965
0.0469506762
0.9952738403
0.1033741150
0.6779108733
0.9010099171
0.7685184662
0.8577853160
0.8740981858
0.2230123189
0.5728814649
0.9898579758
0.0164979360
0.7865281618
0.5718863741
0.9103102041
0.9171841486
0.8240379203
0.7007552742
0.4735168373
0.3292713350
0.8061857861
0.4760565937
0.7160265660
0.3857479479
0.7113860394
0.0719985524
0.9175357664
0.3680918516
0.5561739317
0.4643531320
0.7482760040
0.9425075690
0.6067286235
0.6369694052
0.6291429221
0.2910247695
0.5812634524
0.7620051782
0.6645184223
0.2178544281
0.3697486425
0.2277855989
0.6845114075
0.9068896830
0.0361796904
0.9799314772
0.8565329803
0.2161731391
0.3604926863
0.5440306593
0.6202607885
0.2198511049
0.1588073937
0.2535579450
0.0635971320
0.3727971837
0.4803400085
0.8352723360
0.9495760414
0.6492954548
0.4553739998
0.7977440190
0.9578411275
0.4402220527
0.3583044351
0.4742311929
0.3868861038
0.3197464647
0.0065132880
0.1932668937
0.6562437577
0.8532636765
0.3450958660
0.3053465683
0.1096082529
0.7503484713
0.5919548969
0.0537772238
0.7010110095
0.4635452340
0.1567246150
0.8532560489
0.1094202301
0.6473783924
0.2224986487
0.6524294340
0.0129507641
0.2310460309
0.2367262163
0.9679597250
0.7187963968
0.1007999320
0.6666091130
0.7904348765
0.5022855163
0.2484241883
0.1627382122
0.2422568183
0.9712783048
0.5747501643
0.5687382844
0.0082746646
0.3645907516
0.0246527765
0.9224390306
0.5749031546
0.1565412117
0.4442247935
0.9261542534
0.1555219709
0.7526279051
0.2037680713
0.6907746104
0.5108405584
0.5724727125
0.9363087451
0.6011285110
0.0506463679
0.1417511529
0.2436137922
0.8673126110
0.2307796446
0.5484955228
0.7887648867
0.0073091425
0.4555556112
0.1917978644
0.1955662229
0.2319743747
0.4156077991
0.7449963004
0.4377750036
0.1849922291
0.2916530061
0.8286109000
0.4226568354
0.7304434137
0.9530670412
0.3061236778
0.6658006436
0.8982552529
0.9483831044
0.2597771627
0.4659500046
0.3424154905
0.5369475176
0.7110696473
0.6213701376
0.6017830661
0.8711996113
0.9874322387
0.3694136053
0.7371800804
0.1703008740
0.3120350452
0.6592999705
0.3348792653
0.3104876519
0.0528579654
0.9307638375
0.8266490192
0.2262820044
0.1369751608
0.3837460554
0.7166216586
0.5359798516
0.6019959411
0.1919956170
0.6218361134
0.8504175339
0.7784241499
0.0278990004
0.2071388665
0.4928507424
0.7378180668
0.3483591199
0.9738930408
0.8614030652
0.3149386074
0.9993454450
0.1794467567
0.1543189142
0.8742001869
0.1301325306
0.0604787706
0.2364604776
0.1294649162
0.6724298772
0.1450679593
0.1389398990
0.2648023854
0.4053253555
0.1893257947
0.6080211396
0.0540289482
0.4683705705
0.7556731544
0.2266149589
0.2306612184
0.1086073003
0.1026495074
0.5276995279
0.6379016432
0.6911163864
0.4555323620
0.5219590959
0.1175908847
0.3685224497
0.6755444524
0.3961310399
0.6220246927
0.4223363094
0.7168806971
0.1132320518
0.2392810747
0.6767013099
0.9338403964
0.1825701290
0.9868700933
0.1898113059
0.1715477530
0.7880555800
0.5254384821
0.6373232245
0.6182608647
0.0829462125
0.9153754848
0.9609485041
0.3093648927
0.3713347227
0.0833883166
0.5191866060
0.3227180060
0.1405225068
0.3367826140
0.7516065045
0.9708916465
0.6202271821
0.9798366702
0.2983485884
0.4652720253
0.6929139148
0.5770091356
0.4625660596
0.0410868623
0.6349191122
0.4534312207
0.1266383741
0.0538903486
0.1425948230
0.4826185713
0.9735202064
0.3508843189
0.7393639033
0.7680021309
0.5710649299
0.5250749271
0.1386534634
0.5074220664
0.4463082617
0.8552802362
0.1472729018
0.5894206943
0.7799315014
0.3871770211
0.3011190292
0.9395098819
0.4846407155
0.9017319138
0.1377542145
0.0701738613
0.2102724270
0.7032171251
0.0450155571
0.9597702498
0.6757938348
0.4783129397
0.7858498540
0.5500629357
0.8799500479
0.0399753060
0.5042515220
0.2162910996
0.8206634340
0.0486916767
0.7574363511
0.0662582946
0.0931859377
0.9442927491
0.4079534184
0.5146402424
0.4540846565
0.2240618209
0.4939676223
0.7392551046
0.9355409849
0.8394034776
0.3972727321
0.2669657891
0.0691597326
0.4824729676
0.9096628088
0.0880761613
0.7620549002
0.6478983577
0.6172388857
0.7867722248
0.5627739226
0.8490692582
0.9033682850
0.2466883263
0.0139150425
0.6383433010
0.2663274717
0.1528567724
0.3021926422
0.9819275522
0.7017438363
0.4778789923
0.5807821780
0.7307000450
0.9927818240
0.9922236052
0.6312184153
0.6533052795
0.8501655897
0.8443905165
0.5477735436
0.9038462971
0.6725440928
0.4154809829
0.4192589462
0.2280914057
0.9820977000
0.4482175268
0.0553187674
0.4277766713
0.1729980251
0.1130199122
0.6292436815
0.8824815690
0.3033746095
0.8660350053
0.4016320050
0.2379240502
0.0634343272
0.5184707918
0.0667641246
0.0556925148
0.5883793023
0.5124037597
0.2135927041
0.4151715944
0.5224166372
0.8228662412
0.5707565414
0.6438020325
0.8948645881
0.3877674413
0.9355571805
0.7247286392
0.8514848062
0.6499007864
0.2543815619
0.9275651088
0.6398586345
0.7067361328
0.2201216864
0.4442408606
0.6737523126
0.9335302411
0.9665876891
0.5999936755
0.3806533210
0.6122830375
0.4004192508
0.2028931445
0.6343859805
0.2354285176
0.9262350373
0.1133645340
0.9654752326
0.3671894739
0.3155284506
0.4703651868
0.1693573639
0.0604618739
0.0095032470
0.9553010016
0.4566230752
0.6122163631
0.1791176579
0.8210592866
0.7655801965
0.1648773844
0.3005262969
0.3422390655
0.7414813940
0.8351970810
0.9835358107
0.4992457125
0.1794896711
0.6626559924
0.2824878935
0.9227212885
0.2537519678
0.0012127542
0.0350309057
0.4290483467
0.2830422742
0.1405290872
0.9423279808
0.6229040697
0.1452142858
0.8980642535
0.9448064076
0.3530592733
0.7624043673
0.5612532944
0.6885010309
0.4382415129
0.7755510782
0.7564395226
0.9036693526
0.0859046097
0.4850234020
0.9538552650
0.5853260433
0.8983772405
0.8715390518
0.2365858757
0.9449951482
0.4942626415
0.2708742487
0.6840997956
0.6772723870
0.1269013532
0.6110702834
0.3653883451
0.7738447978
0.3513437064
0.0948994304
0.9839070565
0.4904604643
0.8202609468
0.4691252204
0.3707220430
0.1173059135
0.4069529966
0.4992085795
0.3210022161
0.5170594887
0.6810719970
0.8557768405
0.2754483053
0.7351546769
0.2805567944
0.2110221194
0.7152002536
0.4438618250
0.8699423423
0.5986112054
0.0385406625
0.0049830710
0.9086154224
0.9785561968
0.6052155065
0.7958199353
0.6426816844
0.6358244091
0.2611861079
0.0777046403
0.1881428438
0.1566220307
0.4518675165
0.8026431229
0.6760890654
0.5273422104
0.8275004941
0.9461062767
0.2631957878
0.2402510783
0.1714415422
0.7571695159
0.9197742377
0.4809912173
0.1685146757
0.8053478153
0.2740012827
0.2386550114
0.1414642183
0.0284348982
0.2729278464
0.1980452132
0.9400120772
0.5856472192
0.2923180519
0.0788842892
0.8814524517
0.4842196688
0.9752458743
0.1042022372
0.6961401575
0.1632008626
0.9382773997
0.5320395400
0.6878173414
0.1441718814
0.9417830100
0.5432215490
0.1711996369
0.1437572088
0.2589575012
0.1495606739
0.7598899728
0.7612977593
0.3747856232
0.1069336295
0.9298068616
0.0065555117
0.9723671079
0.5737360353
0.4154269268
0.5970144959
0.4005659922
0.0985285853
0.4193358518
0.6162973704
0.8996719076
0.7237630548
0.3116002665
0.6674358101
0.5316221719
0.5650459503
0.9145037777
0.2498654441
0.6245824907
0.7640501751
0.6584712415
0.7343060554
0.9841206614
0.6563008572
0.8023490679
0.0042382867
0.0906904045
0.4115515695
0.9958717567
0.5449886145
0.3740575878
0.2387078141
0.7987923036
0.3016341748
0.6649189761
0.7260372915
0.4314204023
0.8723618542
0.0995166278
0.5206762254
0.9693498487
0.3926461443
0.3551212344
0.5698521852
0.8167838587
0.4436237024
0.5391562869
0.7816363798
0.9133354184
0.3136949089
0.7679893649
0.0293460999
0.4098658260
0.9576623486
0.8869206918
0.3688505689
0.1395189221
0.1682670967
0.7380091044
0.7640182161
0.2163091447
0.0007280354
0.8682258154
0.1310145580
0.7049213370
0.3074481318
0.8476987438
0.9840065245
0.7246526417
0.3010493644
0.5778523599
0.4499860030
0.2236512261
0.5445506732
0.1539108696
0.4948164079
0.2238121077
0.9924658850
0.7834095706
0.0011683593
0.9361705352
0.8565931258
0.7347040752
0.2486054154
0.7766437068
0.0971999696
0.2874502883
0.6628301458
0.8359711900
0.3526813001
0.6475333534
0.7795626120
0.5442605792
0.5058317724
0.1076932561
0.0938709666
0.9941860430
0.8172202323
0.7420307669
0.7067677606
0.5713124898
0.5216642679
0.0706902224
0.7456986226
0.8480954711
0.2012103648
0.0750357773
0.5929717510
0.4511578175
0.7557467163
0.7804680205
0.9771648832
0.4571017831
0.0332852897
0.7807406845
0.6332221192
0.8604623789
0.5994704035
0.7060204231
0.3035477321
0.8155857967
0.0904757510
0.9844556041
0.6720485655
0.4948962630
0.7605325593
0.0371435914
0.7107352940
0.4902278994
0.1056679769
0.2772387640
0.1533401520
0.7793850965
0.5071621375
0.7042873804
0.3755557550
0.3433403084
0.0788750923
0.9018446569
0.7726542902
0.2367191687
0.0029415501
0.0240034761
0.4790687521
0.8233078362
0.9539633907
0.6153832962
0.9161813279
0.4977295661
0.5814298651
0.3592824137
0.0203853933
0.2622055490
0.6630777493
0.1075140464
0.0493643162
0.7452992131
0.0705496647
0.3831356726
0.5039581435
0.7115522555
0.4647920030
0.5534276086
0.7919273933
0.0145021304
0.3664028420
0.3701428676
0.5047551627
0.1223352725
0.1731911204
0.8203174607
0.2144386488
0.7528051662
0.7564645444
0.4980961311
0.6337939469
0.0793218990
0.1653573883
0.7170407913
0.3627328128
0.0180405384
0.3467380094
0.2831623388
0.5533802476
0.4273980017
0.8769415577
0.6226842494
0.7495970499
0.6899828946
0.6540079188
0.2067771505
0.7786756440
0.6408759739
0.7238111554
0.3614127586
0.7648829661
0.1407592955
0.3341445127
0.8708005923
0.2210050359
0.9056839719
0.0815271962
0.5582156414
0.4839140024
0.2464770057
0.5259073449
0.8452748052
0.7439859372
0.7886060024
0.8983425050
0.5534485151
0.4796890277
0.2346918558
0.0761200749
0.4670051457
0.8348075473
0.7861361916
0.4848297970
0.2997672662
0.0553163185
0.4165417460
0.1763585221
0.7252824996
0.0706762816
0.7409808476
0.1920148500
0.0270444272
0.8737428348
0.0322583292
0.4993422753
0.2837501268
0.2166513006
0.0916639242
0.2621018193
0.7305246464
0.5063281605
0.2305571994
0.6528213260
0.8898080097
0.2907158965
0.2670148833
0.1635922762
0.8830437851
0.7833486826
0.2706179345
0.8161571931
0.7185727003
0.6412618101
0.3921117606
0.3229169831
0.6942807314
0.2734411486
0.4776493966
0.4814946509
0.7079993623
0.8998951263
0.5317963054
0.3343683314
0.8911401312
0.1085009663
0.8348022374
0.5870504655
0.0043537353
0.8140200477
0.8194253769
0.8276909951
0.9775858419
0.0159198063
0.8730860190
0.9554667955
0.4532700407
0.5215911191
0.7347502288
0.6704047300
0.6963403450
0.9640739213
0.2599628818
0.7484324454
0.1935457373
0.3940244310
0.1619128139
0.6054865348
0.7818751699
0.9388923493
0.6948638712
0.0172831372
0.1707811554
0.2091845422
0.8576465185
0.1359042960
0.7652418686
0.1974560918
0.9122918098
0.2793963915
0.4026312530
0.2722385474
0.4344108242
0.7529388045
0.4904083543
0.3574711805
0.6973545305
0.4365379690
0.7691247774
0.5322646545
0.4931875462
0.1867034401
0.8192747614
0.0106550527
0.0677247477
0.5250269630
0.2472373791
0.2301989467
0.7174304483
0.9124055615
0.3345487993
0.7827855254
0.4642115137
0.5372182070
0.6907105841
0.6741497869
0.1984640354
0.1258982627
0.9110448744
0.9225104276
0.3076540740
0.6017224823
0.5417815003
0.3850145526
0.0747521906
0.4871774876
0.6584486258
0.1757314885
0.5189288264
0.6841452633
0.9893264646
0.2415626825
0.4837012899
0.8770655837
0.9534188686
0.1922381341
0.2234054824
0.9463083582
0.1638254843
0.4444823656
0.6930809734
0.4473263706
0.1561068239
0.2306523576
0.4800649303
0.4800705713
0.5350347553
0.6591824831
0.0100060333
0.8541969941
0.2749456643
0.6046377358
0.6776739092
0.8608497527
0.8872239947
0.3596586337
0.2657613168
0.8319597284
0.1817396920
0.1784257041
0.7523927057
0.7797983128
0.2907019720
0.0094862564
0.3096378564
0.8658558928
0.8184169186
0.8443192653
0.5787186048
0.0834118948
0.7857165812
0.0243494749
0.4650791908
0.1784419754
0.5521331678
0.9841465834
0.0571476357
0.1556758287
0.0149673038
0.1884580021
0.2717012686
0.6360992102
0.3178726918
0.6299801648
0.7408727296
0.6545575056
0.0253559190
0.8089908737
0.6552177592
0.4767089338
0.9973057844
0.7665361207
0.9043469505
0.6986244926
0.2320764262
0.1740634334
0.0112096909
0.1350019500
0.3479188689
0.6446868776
0.8628964634
0.3781089031
0.4201328906
0.2280017825
0.2688843953
0.6039736561
0.2465057742
0.4229172946
0.3243947426
0.5200674515
0.4707244809
0.7383047647
0.2180977839
0.9570729725
0.9746575710
0.9368011796
0.2062922471
0.8618680758
0.5506677600
0.6105435577
0.3552507946
0.1844339076
0.4118895834
0.8480457552
0.0811738203
0.0586255458
0.8354228229
0.2984281656
0.7308539428
0.4704980497
0.1996323876
0.7158221414
0.7053029917
0.3655836905
0.7963476924
0.1961947956
0.5744683193
0.3056273936
0.5612292888
0.7327528931
0.6356083772
0.5442428228
0.4501532374
0.0536034847
0.6790262377
0.3432151207
0.6931789852
0.5345804825
0.7926894298
0.4746881590
0.1984473161
0.2999669646
0.2922750262
0.5854162010
0.9184903655
0.8231731302
0.6399989467
0.3966536032
0.8756352679
0.2803557481
0.6645039003
0.1482864812
0.9288647362
0.1575934717
0.0125252126
0.6237851982
0.0318069870
0.6944160760
0.2983462624
0.6852764854
0.6901644015
0.6887863654
0.9758246287
0.0205712435
0.6847012801
0.5390715462
0.6138578518
0.2814785859
0.4022206972
0.4136028174
0.3871799168
0.3522204439
0.3105765931
0.0629757684
0.5990177066
0.4933992179
0.0248726250
0.4411748735
0.6619719426
0.9597875551
0.0180724175
0.0663500425
0.3222115685
0.2707676515
0.5582286698
0.6927777792
0.7417984923
0.7645407055
0.5017787196
0.2761220568
0.6203509083
0.8710648873
0.0439665277
0.6597837485
0.5236715793
0.7654519574
0.5145319384
0.0651683859
0.0617365349
0.2909582880
0.1209776651
0.4055095130
0.1224677151
0.8878707230
0.2369911962
0.6932573196
0.0920169832
0.8936177405
0.3819982567
0.9780270041
0.4368660481
0.8575628503
0.2140057055
0.3422923318
0.8775188298
0.3706360664
0.4648156925
0.2707267202
0.8592444928
0.5300282674
0.4182940191
0.6779953542
0.8142115981
0.6461978738
0.0290026168
0.4521530493
0.2551192861
0.1701693416
0.4739031603
0.5521213169
0.9905202979
0.2812430321
0.0080933044
0.2647122017
0.4643497209
0.0735853969
0.3697184488
0.5070007234
0.5997814774
0.6428743683
0.4631478694
0.2251058945
0.1022247048
0.8040667120
0.7240577107
0.4446927387
0.9001315850
0.0934129773
0.4220510589
0.8825539996
0.2345124381
0.0834847005
0.5981267027
0.8061393102
0.2248670136
0.0149639109
0.2076306992
0.2685522932
0.5952826157
0.0406287781
0.5130470690
0.0712162370
0.0097152559
0.1128843607
0.1407973113
0.6581179942
0.8142853261
0.8672727473
0.1862565962
0.4922355057
0.2507433721
0.9188503873
0.7529211097
0.3346413434
0.0534961383
0.4899479948
0.8975995930
0.9773872447
0.2772230891
0.0427646335
0.3881727207
0.6247320547
0.4465435669
0.8201673165
0.8718560440
0.5893445845
0.6312339629
0.8213719177
0.1836007561
0.6598366704
0.1295405635
0.9608560913
0.4809050799
0.9808050420
0.1683586714
0.8672959930
0.6065942074
0.6500643948
0.2063126496
0.1834618526
0.0147652177
0.3490381053
0.7240239810
0.7102267597
0.8904645511
0.0487285664
0.3141187172
0.8264581177
0.4673054940
0.6229084959
0.0506483437
0.0338783383
0.2578219449
0.7879688712
0.2633173840
0.7262706587
0.2167947257
0.5936330507
0.1935919932
0.0240299430
0.6087156228
0.4657420522
0.0797726869
0.0321419891
0.0904111950
0.8413565845
0.2455883677
0.5342031039
0.0080535994
0.6079726765
0.6838108947
0.1714913785
0.1431974005
0.5267193911
0.2086236276
0.8624565586
0.2859127770
0.7393774211
0.6634898771
0.4302940990
0.3544787488
0.2265747454
0.0088862953
0.1303507757
0.8367631835
0.1832261829
0.0938966578
0.6550613182
0.9957115338
0.4376419696
0.7973419746
0.5748851333
0.1940946182
0.0497678767
0.9287141021
0.3904938850
0.1394484575
0.9227703037
0.3330928892
0.5985406080
0.0420917183
0.5225017549
0.0119704742
0.8715678172
0.8223187142
0.5154003534
0.8477702012
0.6045517741
0.3093511453
0.6506288402
0.3961640187
0.1128267452
0.3963337505
0.0417620485
0.9035275625
0.4210587614
0.6047426883
0.1694207262
0.0712093405
0.2210831919
0.1559910811
0.3962500186
0.4491448097
0.4146210046
0.4159741755
0.1510585847
0.6416481041
0.9509627375
0.9185862808
0.9124954785
0.9356624959
0.9659618811
0.0854709216
0.6718404205
0.2999235612
0.3208786863
0.0113190377
0.3608534264
0.2579047844
0.9765616317
0.0887485810
0.2673258584
0.3174673538
0.9581449983
0.1848126969
0.1053587327
0.7092920143
0.2320204952
0.0138054567
0.0226873173
0.4339781263
0.8397204527
0.0413919510
0.3481971649
0.1602641287
0.7781204426
0.8987092919
0.2870659980
0.4395311475
0.2208621766
0.0102748252
0.3974303933
0.6325787270
0.9566207968
0.8506613344
0.7120469130
0.5506891310
0.8109996764
0.1545469270
0.5898654167
0.6279901425
0.2206025643
0.3833029818
0.0786966649
0.1546817469
0.2115210536
0.9364033158
0.1942355482
0.1890382662
0.5909372316
0.1467334090
0.6372312141
0.3813627392
0.1145991300
0.0480528537
0.2888806810
0.6365005620
0.5172648836
0.8639925867
0.2021169567
0.7301005608
0.9083114556
0.5150650852
0.3030837689
0.0093410843
0.2348095872
0.9597935075
0.7492344303
0.5098790098
0.8567721107
0.7709880097
0.6299146420
0.7559590673
0.7054455992
0.1886291935
0.1627856069
0.7466239447
0.2484093812
0.9111231845
0.5202537481
0.6410832636
0.8670720477
0.3854561031
0.0526153872
0.7251213227
0.9933390973
0.0593164838
0.5237635667
0.2608555590
0.0347167052
0.0849490413
0.7094305866
0.3125507210
0.4952097400
0.0943466244
0.6232376427
0.7218112096
0.8908678269
0.9628124827
0.0408101211
0.9542275657
0.3835589173
0.9599507748
0.8720310751
0.5151569652
0.1946737883
0.9159110580
0.4080578022
0.9631116724
0.0252801313
0.6739818001
0.5479550026
0.7238651838
0.7612773058
0.5846158270
0.6562414165
0.1212600328
0.9887363699
0.7651171144
0.3756450030
0.4825481784
0.7790435454
0.4926863700
0.4175498399
0.4131017157
0.4207184608
0.6798461262
0.2875298746
0.3439417603
0.9969810249
0.7084243092
0.5556514441
0.4732131934
0.8110372349
0.7578835669
0.2408021022
0.5107718109
0.2727181355
0.7547278046
0.7835122722
0.2231292499
0.2371413844
0.9722987455
0.9172180798
0.1057947419
0.8008402762
0.3963739707
0.6038612899
0.0046027274
0.2941993695
0.1481185637
0.7783073807
0.2556731598
0.5922626713
0.2918807468
0.8994490053
0.0744912791
0.4145004982
0.3357077681
0.3778694493
0.8938868020
0.2543881735
0.4851586770
0.4810143723
0.5725216824
0.2020672079
0.6312289729
0.0043851543
0.9219556528
0.1611832534
0.6245455300
0.7399824225
0.7881387469
0.7016830546
0.6307369228
0.6180704419
0.9604370296
0.1882418563
0.0523801265
0.1166573053
0.6945370004
0.6169985506
0.5973376223
0.2268750186
0.1867808741
0.2008056232
0.5181008346
0.3386104366
0.0062179626
0.3441383581
0.9096604253
0.4500549583
0.7425928513
0.2232656322
0.0746370718
0.9006915110
0.6089700270
0.1266545939
0.2364169479
0.5888161580
0.1115348821
0.1301822746
0.0435298497
0.4349905030
0.5354583297
0.3415618227
0.2991476379
0.1453577123
0.6125984199
0.3439938441
0.4872039846
0.3100657270
0.6772008189
0.5507809415
0.5514323621
0.0688922857
0.3914570481
0.7737799122
0.5608385687
0.0682733165
0.0703621401
0.4260473427
0.9278144910
0.1512939507
0.0311225414
0.4105216052
0.5803228614
0.9635516554
0.0754126140
0.3948120251
0.4155689963
0.8104207708
0.0310009788
0.5810156803
0.3049919195
0.2526804171
0.3601212319
0.3315892849
0.4727127296
0.3478386098
0.8442480122
0.5651761420
0.8065915783
0.0173361815
0.0662176092
0.0459052602
0.1579827328
0.7953238260
0.4270257110
0.9572622658
0.2703371201
0.9358558226
0.9180910154
0.9818459343
0.2987610076
0.7114703100
0.8127440269
0.4943142104
0.9371398555
0.5335574130
0.7318425688
0.8208479516
0.7783953873
0.0805339033
0.5491665943
0.7385379302
0.1823100859
0.1753370978
0.0099725377
0.8264349082
0.7975191025
0.7683504077
0.7788177022
0.6806124062
0.2927295455
0.6109832097
0.5048756813
0.3934496293
0.2735684598
0.9644313371
0.8165176464
0.2905014486
0.1324174939
0.1522711247
0.4442014085
0.6290534834
0.4398236407
0.2183785145
0.9162073948
0.6431830058
0.4299942424
0.3435700452
0.5739640735
0.6371736090
0.7298868675
0.4818343845
0.8424777501
0.1226818336
0.0773433193
0.3501486942
0.5051543767
0.6751936271
0.5794882021
0.0654303100
0.8845637357
0.5138620329
0.4063529718
0.5613419279
0.6524556309
0.8844142731
0.8308924889
0.6105080646
0.6667608172
0.1379196262
0.7835846979
0.4738896069
0.3527924509
0.8589373669
0.4930917955
0.8965366321
0.8511312046
0.5071456131
0.1899873678
0.1578784953
0.1836743426
0.0485085198
0.5986995188
0.7066888442
0.6158560966
0.1049667666
0.8251884036
0.5048181610
0.1512412811
0.2180309004
0.7029200977
0.8942539665
0.1667503734
0.8863765736
0.0496412818
0.8524200504
0.5090353562
0.4426759709
0.3539232725
0.1497568292
0.1525818224
0.3488327959
0.6783815177
0.0914089575
0.7701161164
0.9467318452
0.3218418824
0.0650761903
0.1360373927
0.2400068746
0.1856915499
0.3902897310
0.5886650892
0.1311873487
0.7751455403
0.2266216536
0.0177150670
0.2521549157
0.8453305332
0.3539130957
0.4571627267
0.8765681044
0.1711763435
0.7178133623
0.6274854593
0.3567116900
0.7089218775
0.1434202746
0.4417383022
0.4769692164
0.4607512354
0.5141789949
0.7890868303
0.1052031802
0.3824806494
0.5826763345
0.9122055218
0.1712499131
0.8314604418
0.7150938118
0.2671387385
0.0042958179
0.7675887643
0.5950092533
0.9173211711
0.8235539785
0.4800671906
0.5981410295
0.8528118509
0.9798578705
0.1509050654
0.6940785544
0.3414627960
0.5317437542
0.1764406041
0.5392649141
0.5296648836
0.3407194043
0.7089997758
0.0672970541
0.9657067545
0.8931720371
0.6355778343
0.3634949920
0.2436296157
0.2959008683
0.5087326231
0.8579105947
0.7754819320
0.4903814406
0.3499823784
0.8688986542
0.2357110567
0.4181027855
0.7952804776
0.6713439181
0.3076333701
0.2950783497
0.6284806240
0.1649032161
0.2722970452
0.6944254678
0.6598345413
0.1156999307
0.3448243502
0.9947357394
0.1785484483
0.0978205757
0.0159922857
0.9999221017
0.0761232206
0.4760315477
0.5837971793
0.8251734011
0.1506840028
0.5454572146
0.8093023120
0.8737480264
0.7247657398
0.1367235897
0.6808684726
0.4814780634
0.8461951576
0.0314276818
0.5861930324
0.9723082867
0.9236653352
0.6096878010
0.5284756289
0.8515865666
0.4332378134
0.5805148057
0.2854324026
0.4910705241
0.5783786237
0.9966384458
0.5370080148
0.9978921559
0.4414443384
0.5136725979
0.3407973026
0.6328765552
0.5912655064
0.3819095752
0.0679986359
0.4848938315
0.8180377774
0.4343273037
0.4221528419
0.7839668832
0.7211870049
0.0946134595
0.0089033772
0.5037872208
0.8374709724
0.6495180242
0.4457944988
0.8716151425
0.0616561172
0.7791577413
0.4434917830
0.1952428106
0.5843884105
0.9868646426
0.2033549437
0.0814559176
0.1190614849
0.8078163354
0.9968435835
0.7371041099
0.5841479778
0.6751949831
0.3670455465
0.4848577141
0.0941219724
0.5157985433
0.3402795697
0.3326462254
0.1111299109
0.3871494700
0.0897811431
0.0035787349
0.0421101303
0.6719650954
0.9776908425
0.0087241852
0.3819096576
0.1403985336
0.1006931442
0.8620092180
0.8305300597
0.0849838458
0.6563437560
0.8488494029
0.5936501630
0.0820774589
0.4096146064
0.4593171388
0.1888221104
0.5401644312
0.2607880460
0.8572963605
0.8384776147
0.9737517560
0.1480188411
0.4971435340
0.8661110319
0.7277190663
0.1522476061
0.7069078665
0.0471778337
0.3323716988
0.7803881484
0.6790768747
0.4226483641
0.0312125346
0.4950630356
0.4555613148
0.5091194906
0.3451013546
0.0096059245
0.2311260575
0.6941738955
0.7871480270
0.3463934077
0.9907382474
0.9047871837
0.7937403373
0.6221387788
0.9302393745
0.2676519042
0.7360555376
0.8798077493
0.7456703631
0.7014432271
0.2190267055
0.9877141801
0.2280109406
0.7880794770
0.1880319636
0.6257383589
0.0639520772
0.0547777712
0.3093929948
0.3245018602
0.6194617662
0.6407525608
0.4826278069
0.5531628704
0.8727901669
0.7952971790
0.0910872197
0.6308831605
0.1363561642
0.2978358188
0.3099503484
0.8581111555
0.6888629793
0.2883371216
0.7874758276
0.5290777642
0.9211702061
0.8041088937
0.3809802966
0.1116259974
0.1370343876
0.7547250505
0.1603046609
0.2691325934
0.0780315548
0.5396871027
0.5265092471
0.6429557893
0.9924000625
0.0229787041
0.4558862882
0.0596151085
0.7818958033
0.5485847277
0.9419001653
0.5827711479
0.7138223117
0.2540141349
0.3787227640
0.0947698933
0.3963380767
0.4771976786
0.4882822522
0.3018752681
0.6164500621
0.0062645097
0.0930610146
0.0090691684
0.4635430105
0.3550752409
0.7681817519
0.6086359755
0.9467181766
0.0587220446
0.7185815867
0.1499793857
0.2483923743
0.6615227164
0.9827825696
0.0715520147
0.0317990672
0.8535067066
0.2648867517
0.8375659629
0.0921678330
0.5407276416
0.9703917225
0.1589678553
0.5412830441
0.7123644557
0.5361132672
0.7400180876
0.8206381402
0.8216680962
0.5562358874
0.0724129172
0.2820726119
0.6944148130
0.5200085959
0.4576271956
0.4490336527
0.6127985447
0.5029900219
0.1903162110
0.6960030059
0.4417230742
0.1191532077
0.8296391805
0.8781643863
0.5437266775
0.5714037746
0.9606009953
0.1694719975
0.1909995365
0.2220491455
0.6897279702
0.0078570861
0.9715084428
0.4238032926
0.1725392676
0.5416496792
0.8426094968
0.3547518057
0.5756999365
0.6555295824
0.9320463648
0.2294623509
0.3343774502
0.3118496967
0.5730524187
0.5514419728
0.0145093578
0.7422766963
0.2651917301
0.4183197645
0.2507151706
0.6169989704
0.5994283790
0.3203402052
0.3702279881
0.1177960389
0.4113787950
0.1109510194
0.8623270697
0.6625071701
0.0428376062
0.1478379927
0.0843107469
0.5692191988
0.5465884298
0.9864285877
0.9996333649
0.8697549589
0.1813614615
0.1643181511
0.1651085577
0.8896217315
0.3267735365
0.7380354670
0.9702229152
0.1213623943
0.9685666231
0.4431178378
0.7067569565
0.3476068146
0.0846702573
0.9396010404
0.0790040356
0.8422946952
0.7988130025
0.4594111924
0.7603683474
0.1323478825
0.4604527552
0.0982739257
0.5069648274
0.1481619303
0.0742111529
0.6054172233
0.4386378873
0.4249200130
0.4373747049
0.1729059027
0.6718947202
0.6612480353
0.1904336547
0.4105913788
0.7659078510
0.6052728282
0.4914268839
0.3641545350
0.1904873024
0.6044857957
0.1083241350
0.3077524013
0.3946698816
0.1805214727
0.4787187242
0.1717111351
0.7747042752
0.8006153765
0.8609290128
0.6098596407
0.9854481564
0.9509260398
0.0126770937
0.3553622423
0.5143452398
0.9686264533
0.5424207694
0.6456728597
0.1442991859
0.1092137249
0.8135226850
0.3277386447
0.2085069237
0.9909278069
0.7537267723
0.3992007067
0.2843489032
0.8353466526
0.3738809320
0.7797356128
0.5168765986
0.8602424881
0.1353654365
0.3120870749
0.1670853419
0.6059515332
0.7678899053
0.3042997604
0.0416793186
0.9378839897
0.8495515517
0.7749201909
0.1814218427
0.4477756616
0.7429116834
0.9926195876
0.1795354770
0.5317903835
0.9597443636
0.2943387014
0.3157062881
0.6238520199
0.8451672579
0.4633877965
0.6703202284
0.4367068824
0.0113906720
0.4815589478
0.7699261756
0.1175459519
0.5844189222
0.6736107038
0.7442433076
0.9729586985
0.9956653265
0.2275845397
0.5745699395
0.7108288189
0.8674113747
0.7330249566
0.8627313869
0.0113774611
0.8349394498
0.8040263138
0.5031503783
0.2697654103
0.3627426547
0.3348097628
0.4368360698
0.5826764058
0.3513341583
0.8285928978
0.4853617050
0.9683554271
0.8643508482
0.5381866953
0.5542209245
0.7423361002
0.9176417590
0.5144227276
0.7178007007
0.7894620098
0.1061249090
0.7726332910
0.8872837896
0.1397001100
0.0845025352
0.5925154024
0.8951227143
0.9004785306
0.5712748038
0.1789479318
0.9265065286
0.0146121020
0.9708938771
0.6782714644
0.1780102513
0.3801690287
0.6578098247
0.7426994072
0.9491139777
0.6084102053
0.4657458036
0.8303445831
0.6554965928
0.9808164098
0.9252011013
0.1160993039
0.6943707821
0.0937489131
0.9671362202
0.0521254749
0.3280839421
0.4782940132
0.9009774128
0.8569595180
0.8332585885
0.9111627913
0.6350691373
0.6794472252
0.8103502883
0.2961365709
0.5540770248
0.9362248583
0.9967653591
0.8640455726
0.1257548494
0.3251401270
0.8895963816
0.7049328300
0.5921103557
0.4877220921
0.9742662004
0.8855883547
0.9982483147
0.8298651122
0.9875390173
0.9391497469
0.4220873913
0.8598501424
0.6485871872
0.9505055387
0.4622972526
0.3897167586
0.3111679966
0.2051474961
0.9156737730
0.0540252011
0.2285373188
0.4494333979
0.9130681772
0.0847724260
0.6043419597
0.0171977790
0.2427230735
0.9297411695
0.1505665293
0.8451390277
0.3531313374
0.2884138696
0.6752361987
0.0656994691
0.2549773151
0.9748477773
0.7228218506
0.4674974888
0.0004794709
0.6679575755
0.0416666629
0.5031137099
0.2562491616
0.0457835950
0.1432433743
0.5048389676
0.6624087163
0.0169159455
0.2731465170
0.9853036399
0.8029343170
0.6047212697
0.4617293933
0.7220009601
0.5946747993
0.2060083287
0.2789387919
0.3113539513
0.0064836887
0.8461988297
0.0189065449
0.7726235120
0.0367262574
0.2143601830
0.6392333609
0.3371330406
0.5128743148
0.2514443498
0.4180908659
0.9977688438
0.1619075366
0.9458723544
0.4360360370
0.1658382298
0.8140665474
0.5053438128
0.4456665712
0.7998885364
0.3728008132
0.0380214796
0.2198438563
0.1127394560
0.4493039313
0.7668079254
0.7274324378
0.3183933779
0.8787640973
0.3254031678
0.7058438278
0.2362393848
0.0835423398
0.1316599844
0.0725155157
0.3164050800
0.0740536867
0.0360028378
0.7285664285
0.7421030003
0.7234034275
0.3047309848
0.4697286450
0.8385719343
0.7220852211
0.6056306259
0.3372754802
0.4421826142
0.5404397821
0.6975768032
0.7049504312
0.2896079031
0.9788944659
0.0533026608
0.8725641839
0.3536303856
0.8379133443
0.7342969555
0.4036075822
0.7159107020
0.8806051609
0.5730949641
0.0751145665
0.9229413490
0.7145388453
0.9463910292
0.4562184320
0.9626725707
0.1783573452
0.9106669324
0.5950300402
0.7894708872
0.9467133650
0.9483622209
0.1591969096
0.4398223155
0.3402417285
0.0987605568
0.7236556156
0.2736267652
0.8077670097
0.7407161400
0.5102806333
0.3939063473
0.9847188188
0.3472796724
0.7591090704
0.6113905870
0.0325109699
0.3238248556
0.6024826759
0.9981589364
0.7523082037
0.6307292613
0.3132980358
0.3690034944
0.1852689552
0.6162970837
0.3537325094
0.8956963415
0.1253359054
0.1335363883
0.9526321131
0.7766900625
0.3563687639
0.3105317354
0.3987496187
0.3818434926
0.5068700691
0.6136198646
0.1685558489
0.7326727725
0.9568606632
0.1946697979
0.8957015558
0.9941756471
0.7060229884
0.1134551135
0.7422397986
0.8054023744
0.4104720999
0.8011249063
0.7177517655
0.1282969572
0.9423657028
0.7618165307
0.5539378545
0.5292698901
0.3300939455
0.1024859226
0.0669762292
0.0530214398
0.7771305441
0.6423979271
0.0127808248
0.5903446012
0.6378304855
0.7604472909
0.0579788229
0.8333716593
0.4851406922
0.5550997667
0.5409539928
0.8509063465
0.5460463421
0.6145790775
0.3997307002
0.2786958304
0.2338245588
0.0168692718
0.8059882126
0.6220388700
0.5226999493
0.8847309104
0.8698619793
0.8099425008
0.8689127305
0.7593601813
0.8397336043
0.8551750097
0.5138111611
0.2867562802
0.8426749017
0.3482053613
0.4911384612
0.9398512883
0.1863454613
0.7185382784
0.5500844445
0.3407707958
0.5484718333
0.0217293769
0.0585200979
0.6276018562
0.8817664260
0.4108143211
0.5800907204
0.4959708555
0.7154798167
0.4721984296
0.0965858418
0.9362515860
0.1833635044
0.8877721506
0.9163939959
0.8478897863
0.3183544563
0.0734529723
0.0024563494
0.7142042502
0.6740948804
0.8162827844
0.8157296424
0.2243013275
0.7048160785
0.2859920829
0.7025466388
0.8264353635
0.8718063228
0.0877460409
0.4196764950
0.5095069896
0.8116422824
0.4266205943
0.9274979105
0.6591875668
0.4400920254
0.9659556217
0.1186082220
0.6842508835
0.8064974007
0.1372387170
0.0806176858
0.6226247082
0.7342667194
0.6063059534
0.0368411241
0.5515075229
0.7364895285
0.8664563811
0.0451559311
0.1656387240
0.0388922254
0.6980815187
0.0624549527
0.1378588232
0.0622132784
0.7885918223
0.1134159248
0.3145391385
0.6307922375
0.1304079495
0.8312638062
0.7368295509
0.5951087826
0.1310221874
0.9684142894
0.4416744006
0.4448586994
0.4614824984
0.8117199720
0.9089824160
0.3349597126
0.0159681560
0.3136268778
0.4490967850
0.2814661972
0.8795528718
0.2963822633
0.5818649278
0.2069965912
0.9573004184
0.5485655262
0.6352026550
0.1182012656
0.7532746897
0.0864425042
0.6426028001
0.4974002606
0.5891307140
0.5118962250
0.2410140853
0.9573380914
0.5884126888
0.7726774387
0.2165334998
0.2955984069
0.9590836211
0.2175131662
0.9952333260
0.5044731233
0.3068882500
0.7752684675
0.4715376882
0.1212705610
0.7669908080
0.1735279233
0.4528005222
0.7267530816
0.7404588608
0.9696425951
0.5294929373
0.9091559627
0.4965904049
0.5304360690
0.9206909597
0.9448068290
0.9760124485
0.4952560232
0.5648130178
0.1994611083
0.6015196999
0.0735250532
0.6734541460
0.5419952607
0.0585863675
0.5202960510
0.2995103757
0.1719385663
0.7509011233
0.4464410746
0.9403855760
0.1545942484
0.0364515045
0.4374447278
0.2136891516
0.2489773480
0.1400989545
0.9962962627
0.5547131156
0.1390940110
0.3267396682
0.0523719905
0.2978406285
0.4607100135
0.0181294573
0.7145116953
0.1733944366
0.7772622412
0.5911864811
0.0777897823
0.2979391523
0.9876110142
0.4383711718
0.5675599393
0.4153428307
0.5298263213
0.2523813877
0.9170231242
0.1236598406
0.2081824978
0.7710720916
0.0548477500
0.3498788750
0.2704367455
0.3378237397
0.2578485366
0.8722932130
0.6268918535
0.1772316605
0.8980874066
0.5876590706
0.4137191926
0.9172706046
0.2316523088
0.4484459492
0.4784609476
0.8159243737
0.7472965231
0.1675445878
0.3848259674
0.4174662409
0.2668738655
0.2118500941
0.1631485281
0.5059651139
0.2581113154
0.0121689394
0.8062049798
0.6032729269
0.1758505350
0.9637560685
0.9798290316
0.3915933245
0.5905067011
0.8841575029
0.6986277648
0.1795961912
0.3413959386
0.6220854945
0.9628672939
0.0982088562
0.9670540451
0.7253748184
0.4094690636
0.8207196817
0.8493946793
0.9822490659
0.2022050836
0.9672151721
0.0058498488
0.3924362738
0.1737202402
0.8109159168
0.0860890582
0.8244624861
0.9324060578
0.3094486239
0.4031738912
0.7236213415
0.6491084608
0.7411725891
0.1599037722
0.2283534662
0.3794787671
0.4643410490
0.4657213720
0.5718089807
0.1582275485
0.9164525981
0.2502077185
0.6640245596
0.0790228044
0.9310333615
0.8622842522
0.0042501291
0.0965509230
0.3822576296
0.4661968833
0.2762558640
0.8487092016
0.7414466744
0.7751083140
0.2111057272
0.6065503241
0.1807848073
0.3873876081
0.2307424703
0.1965164900
0.8549374241
0.2885475979
0.1570965190
0.8621003377
0.0159467629
0.7354026023
0.6003502646
0.9272522756
0.1247853290
0.3123485223
0.5404002163
0.2631435931
0.0911882201
0.9580609349
0.8838444896
0.1671754947
0.1047697929
0.7211246893
0.3129181406
0.4384620521
0.3831977960
0.7059932019
0.3534958820
0.2257684978
0.2307415347
0.1813305466
0.5671699161
0.6301311095
0.6987014501
0.5937200158
0.7358895678
0.4545111998
0.1146262933
0.5665248225
0.7870081231
0.7252258263
0.4245011699
0.6280032016
0.4522264915
0.3395557199
0.1533728498
0.0314087644
0.8950839554
0.8252643780
0.2921467836
0.7801800700
0.9118473097
0.8262635686
0.1411595628
0.6913319885
0.6580888709
0.9990598336
0.7602036813
0.9227599820
0.6229407038
0.5107051396
0.5937777674
0.6439358111
0.9764192146
0.4820833572
0.7936675923
0.4948529024
0.7420052902
0.7403111308
0.7220227754
0.3700883959
0.1368745115
0.5914455930
0.1073994007
0.1481237731
0.5876965556
0.9714124792
0.2809397579
0.6453162609
0.4378792152
0.7990414365
0.1778808649
0.9719971799
0.3409119260
0.9636102300
0.0297927009
0.6548292697
0.4394022185
0.6229941146
0.7832332200
0.7305551783
0.7150633582
0.6369637673
0.5373947355
0.5907507016
0.1480477523
0.9050338578
0.0988671134
0.9938842776
0.7142000690
0.3926035179
0.1964364267
0.6501336116
0.1337802333
0.3171017692
0.4798794285
0.8645299359
0.3681432407
0.8724330919
0.3860925035
0.4572047402
0.0262229415
0.1142659187
0.8081828901
0.5709353836
0.8626533386
0.1113668620
0.0365027188
0.2186866523
0.3760657189
0.9769704613
0.1922048037
0.9078773456
0.8737413723
0.0563830319
0.0531851095
0.8283714622
0.5770494993
0.6948004789
0.5009686248
0.0278052213
0.3477076129
0.5255863487
0.7199547842
0.0030942782
0.2743438238
0.6275199722
0.2835938372
0.2195533149
0.0989793873
0.8948472544
0.1881115207
0.4116562737
0.6847755179
0.3696979748
0.4010617963
0.4782585874
0.8522433681
0.9932899821
0.4361426174
0.0633364996
0.6460236533
0.5910284163
0.8226778326
0.8413219858
0.5805807354
0.4842096260
0.7623792393
0.5709982530
0.2102333789
0.5978984885
0.9660790563
0.3664924560
0.8670171692
0.4764816425
0.6470393334
0.8594364094
0.6895817970
0.1962855913
0.6449766209
0.2691638534
0.9775858375
0.1979809828
0.0455484665
0.3414474236
0.7445679438
0.4071210938
0.0926767962
0.0104099705
0.1180768799
0.6003601014
0.1553501527
0.7300420656
0.3859420450
0.3695269711
0.0665553598
0.2931606369
0.5721734058
0.2908058702
0.2573732092
0.3668161204
0.0969019904
0.5348895686
0.6613127652
0.4806904437
0.0491047063
0.0729154508
0.1436578688
0.5847620268
0.4312343809
0.6386172163
0.9503894616
0.1213935498
0.6968662716
0.1425630541
0.0702088501
0.9402075740
0.9625768810
0.3083850001
0.4678486169
0.7341664882
0.3929298807
0.2807924646
0.3332944340
0.2600816083
0.2215014452
0.7561224728
0.5481613490
0.0084073296
0.1934037559
0.5050060301
0.2041821326
0.1133313886
0.0630089200
0.3047662911
0.8858020123
0.8179124629
0.4035661917
0.5033814646
0.2746743827
0.2583474162
0.5576683750
0.6945871593
0.1477703036
0.2807195660
0.0554179287
0.9753396165
0.4012398496
0.7819910628
0.0987360938
0.6248281793
0.2762434824
0.7251469992
0.3195676367
0.8220557188
0.4699604574
0.1644405998
0.6134044982
0.5183940108
0.2847533073
0.3787696500
0.7857998400
0.0531910766
0.2534847318
0.0338930704
0.2301232775
0.7755107529
0.6627779808
0.6455385146
0.5695339862
0.8689834861
0.3264146106
0.8735660059
0.9440300570
0.8026191580
0.8406739838
0.6414483429
0.1672234377
0.6689690005
0.1582165112
0.8638407872
0.6835568208
0.1916051345
0.0090194890
0.0733622440
0.4587367459
0.8633339766
0.0956410084
0.6080969470
0.2377284620
0.2634080417
0.6296376796
0.4076039158
0.4518149535
0.9506974008
0.0794383182
0.8328856425
0.5292555381
0.2230240316
0.1723739483
0.8340322055
0.6343979786
0.9482597721
0.3847814103
0.6136383180
0.8919680014
0.3070963198
0.6392712231
0.8881944910
0.3063706160
0.2430233384
0.9181502756
0.4151792730
0.4332230448
0.2672239933
0.6517847552
0.8608308909
0.9587217422
0.3743194489
0.5563436528
0.3756760362
0.2549859692
0.6551156277
0.9711657342
0.3339848865
0.1024936757
0.1740464136
0.2010074279
0.7008677394
0.5524867213
0.4904040324
0.8115063091
0.9351360076
0.9207237140
0.9416332003
0.2599276879
0.0520620556
0.4955228382
0.2014027607
0.7532538519
0.8608528217
0.4259456621
0.2400662356
0.4486615143
0.2503337760
0.9243811412
0.3572347338
0.2125313531
0.5000150036
0.4890145276
0.5392973556
0.2324209108
0.9827424928
0.6082924140
0.6584719455
0.0736190293
0.3493212778
0.7766509872
0.8784308903
0.1320179031
0.9767688168
0.7326199991
0.3608676392
0.8988961979
0.7136742646
0.0066265718
0.1248537224
0.5615762624
0.3964451632
0.1056935591
0.8860173712
0.0273416693
0.8804249539
0.0029571028
0.4694887613
0.1648454970
0.5088419036
0.9099892595
0.4392534021
0.3608158873
0.4697072146
0.8350220933
0.3239227421
0.3929335434
0.6466935552
0.9966436822
0.8975467048
0.9846636087
0.3258426885
0.2956155233
0.0689895248
0.7240989225
0.8198667222
0.1295363932
0.9126101112
0.2214617430
0.9140971421
0.8167794779
0.6983514255
0.6556168924
0.3898292790
0.3153853895
0.7259121826
0.9804278679
0.4229885593
0.7705774743
0.2838160172
0.7414918724
0.0143918817
0.9179813317
0.8517154658
0.0303077891
0.6539924343
0.2153746135
0.8394873674
0.3360489376
0.6116487318
0.7609252406
0.0889554206
0.0234785893
0.4810354639
0.8094413655
0.4079189806
0.1569020946
0.6030836059
0.4482575280
0.6774344549
0.7995771224
0.1898470939
0.4265022969
0.9059593700
0.0066158842
0.7903081696
0.1601051886
0.0469138014
0.4574363946
0.2323796285
0.1856727441
0.4233536247
0.4944500219
0.9920079277
0.5875379363
0.3305080982
0.8157147803
0.6196474798
0.4844353747
0.0568846058
0.0350448234
0.2357184416
0.8085912842
0.9611850194
0.8448072247
0.4861741579
0.6610705442
0.5671968280
0.2167831163
0.6812788652
0.2351756563
0.4218846206
0.7242500482
0.3902771810
0.7923920555
0.6490010082
0.5995211094
0.1552802009
0.6789983812
0.5229914733
0.1906089308
0.5849047302
0.8604623926
0.2470418505
0.0223839540
0.3304433954
0.5212073676
0.2145930088
0.0343449545
0.7309392388
0.7826027616
0.3010041142
0.3759302902
0.9523339564
0.1277704012
0.1786713646
0.9948613060
0.1483708212
0.8407221526
0.9401189783
0.9218047407
0.2130818717
0.2555498343
0.0753270742
0.7995699129
0.6341102413
0.2569583618
0.4070947748
0.6350279687
0.4811068074
0.5239223281
0.2668274638
0.6474748984
0.3252103515
0.1763117741
0.4720660679
0.6615645323
0.0663305687
0.1159150894
0.7813698258
0.8887082410
0.7018326131
0.7558804915
0.6591145333
0.2833844852
0.6808208830
0.7825136548
0.8499459187
0.3378033367
0.8203483916
0.6270778497
0.2949783757
0.4681969935
0.9796258220
0.3465575463
0.9246801353
0.7561669397
0.5354336937
0.2419062334
0.9644931407
0.6741733936
0.1550760531
0.2561640095
0.5431340324
0.2596943786
0.6841506184
0.7749757826
0.3608194217
0.2641128268
0.4052922782
0.4332231830
0.1456367135
0.0291066257
0.0267222701
0.6418895809
0.0925458050
0.2715130734
0.3452567464
0.3287254460
0.6570579693
0.3280224296
0.2136443029
0.6451406026
0.4536077471
0.2334560496
0.9089922880
0.1506469390
0.0434029732
0.0986765476
0.0150521284
0.4426016340
0.9608545751
0.3260307543
0.2677583186
0.7236934313
0.3877805197
0.6410597331
0.4013359915
0.1112466462
0.3974517055
0.6610382905
0.6826919064
0.6357331122
0.8596016153
0.6751103431
0.1139909106
0.5665687283
0.0118714118
0.3355641366
0.4537882088
0.1928879494
0.0097809071
0.6067040887
0.9819372471
0.8413706285
0.2347409439
0.0706335341
0.1959106074
0.8812771620
0.6574903921
0.5203815653
0.7993045994
0.0036385656
0.3481426393
0.8873177345
0.5324705782
0.1553535127
0.6186346455
0.2828146269
0.6637291364
0.9633677161
0.6030745363
0.7226003718
0.7974900708
0.2860350982
0.3539962826
0.9127313594
0.0753208526
0.0806743932
0.9359489368
0.8914685376
0.1358374966
0.6472770622
0.7213183409
0.2317070559
0.8037699741
0.2188668032
0.1628225155
0.7130816806
0.2693697769
0.3859125812
0.5782949823
0.2157475290
0.4389630684
0.6127119358
0.4387130198
0.7352877404
0.5683399186
0.7691458742
0.3582451062
0.7376068551
0.1478789301
0.7943771692
0.9384379187
0.8852018356
0.3496980140
0.5056053327
0.7623789836
0.0386700580
