0.8457174398
0.7497159307
0.7843066351
0.1783185012
0.0741941450
0.7555018132
0.1155277439
0.9450362393
0.2398764544
0.9537599115
0.8741814648
0.4114420698
0.9192292988
0.5384728805
0.0707500849
0.6700073534
0.4522835356
0.9200663498
0.5416587803
0.4912978410
0.2812534797
0.7800715986
0.9523728229
0.3344145006
0.9734311176
0.5457024935
0.4756701051
0.3156376493
0.0148679189
0.3403746266
0.7788234968
0.6366544495
0.0252195469
0.7553479413
0.5262372686
0.4662285083
0.7502375617
0.3903106751
0.2530180823
0.4442232309
0.4662443334
0.2181342139
0.0837095772
0.9934002666
0.0177345265
0.3871876637
0.6409970724
0.9577858949
0.8000202806
0.0140742097
0.0657285729
0.9584001894
0.9925541606
0.0818705964
0.4439332232
0.7550457155
0.4949647593
0.5737468042
0.1803091505
0.7722573683
0.8149824613
0.5042809763
0.0847830370
0.5962296449
0.5497547109
0.9913407443
0.9821787849
0.8284880416
0.9190054560
0.7307516653
0.9939772328
0.0184498192
0.9092126187
0.9216728626
0.1043032402
0.0993713488
0.1387164463
0.1612278122
0.6671216609
0.4730207851
0.5480584459
0.6537653744
0.0088527210
0.2956843473
0.3784368321
0.6824824583
0.8435875075
0.5123501762
0.8088257702
0.8282692830
0.1077659219
0.4921343187
0.7326756381
0.1971160120
0.1398269058
0.9616185911
0.3671363032
0.2469988385
0.4802655488
0.4256112189
0.0997774755
0.5467308962
0.0159463599
0.2911935266
0.9003598015
0.6756969621
0.4240202243
0.9744606684
0.5988026972
0.2144150791
0.3328013598
0.2957954580
0.3397880349
0.2192213021
0.2084292404
0.0187549549
0.1638882209
0.9518373481
0.8553070176
0.6098857250
0.9661840350
0.1943713041
0.5761215217
0.6561208786
0.3324492677
0.4271843615
0.8358681598
0.6406535733
0.2849377588
0.9785959986
0.8390241594
0.8599621801
0.9147414566
0.9602406989
0.4707643194
0.8313210486
0.8035510659
0.6054062597
0.1193323727
0.3150369518
0.1220894670
0.9944943584
0.3448242695
0.8522201694
0.6524750377
0.2437533483
0.6413458378
0.3361069810
0.0223094307
0.2663632218
0.4289303845
0.4728693192
0.7283658001
0.8483712627
0.5774615222
0.2746492491
0.5206751502
0.5993693141
0.5670044234
0.3452704279
0.0306834826
0.2798100506
0.9297775547
0.4850672015
0.7209853735
0.6758097204
0.2431706639
0.4183131926
0.1581245817
0.3442404161
0.3838616233
0.0525907052
0.5850638200
0.3599919311
0.2807286484
0.7511198215
0.6307831168
0.1614492491
0.9374069807
0.5031690756
0.1323271980
0.9652876112
0.2578897497
0.8452238490
0.3467983938
0.6919151580
0.0474957400
0.0386243552
0.2261935363
0.4294614341
0.4524380829
0.6572474721
0.2180381456
0.9602161851
0.8326735470
0.0037074092
0.0728553947
0.7537150184
0.4401117372
0.0174736995
0.1270957462
0.2908031152
0.3858343140
0.7221623146
0.7355966197
0.2330455660
0.8325867872
0.2544379322
0.6677089827
0.4768460474
0.7343622213
0.0492864762
0.6428263982
0.5291674716
0.8858094028
0.0075980790
0.8718779259
0.5283630740
0.2174640943
0.7530893525
0.2768299926
0.6477150958
0.2566393407
0.1719234789
0.0709606796
0.9221672234
0.2545159215
0.7380401030
0.8542790663
0.4326470337
0.1216041161
0.1400703517
0.7174123782
0.3221325312
0.2816006717
0.5265293827
0.1562254453
0.4909477980
0.9586701312
0.9117948177
0.1021089332
0.8411309668
0.8563475887
0.8285754242
0.2281968490
0.7235005249
0.7919640294
0.7427879176
0.7122701355
0.4866328086
0.1233149994
0.0932311940
0.2811380496
0.5163384252
0.9339635291
0.4114124497
0.4219035794
0.7338011246
0.8885401260
0.1358566999
0.3354836396
0.1973812800
0.6255696397
0.8289951489
0.0665830946
0.6158673546
0.1893601619
0.0040902609
0.7679887345
0.1933106334
0.9270293474
0.4624790342
0.6419602953
0.1929095181
0.6700285735
0.0951647209
0.7711408661
0.2590906628
0.3974034788
0.6794505443
0.4390852688
0.9943503268
0.1061380257
0.5819583242
0.3434716190
0.1355029793
0.7355784445
0.7969050727
0.1234454495
0.8254748287
0.7117502686
0.1531889442
0.8451965237
0.6008564979
0.5069555981
0.0820970458
0.0678887703
0.3274923698
0.5441349902
0.2008539003
0.4374569661
0.0058783297
0.7958552227
0.3082739924
0.7452463652
0.3991387627
0.8304795967
0.0559698786
0.4300511604
0.5671126196
0.3428144592
0.6912324165
0.0415049057
0.4678410792
0.9974168419
0.4768640002
0.6209225426
0.1242435339
0.7363424083
0.9006516202
0.0740223373
0.7320060945
0.2231973972
0.3916139176
0.6176610044
0.8399795992
0.2416173109
0.4144832039
0.9596542026
0.6295013650
0.3421516248
0.4962193849
0.0439836890
0.1946698566
0.7015467816
0.1227998840
0.5328146563
0.8282825391
0.3997507990
0.6022733758
0.1313632814
0.1440398211
0.1177183817
0.0150872761
0.0069697574
0.9521582957
0.7485405886
0.3416383327
0.6786280886
0.8243938954
0.9684744912
0.1505357619
0.6063924633
0.2428287322
0.9595350437
0.7551525351
0.8713311733
0.1407492658
0.2265936275
0.3930809628
0.9169398096
0.8376046709
0.0027496060
0.4410406792
0.0530894373
0.3369804006
0.0170255202
0.6465907325
0.3781554005
0.0152373335
0.0090714704
0.1503624221
0.5334122813
0.5032773425
0.9540695010
0.9848074880
0.2502569716
0.4633975003
0.7172338602
0.7410225476
0.9229129225
0.2012992079
0.8513348330
0.6084621159
0.6276891268
0.6897226815
0.2327068752
0.4853818623
0.0089831584
0.8459182626
0.3823080553
0.7997615040
0.6408075257
0.9742545804
0.5266363073
0.9320375714
0.6298585439
0.3306749216
0.1470507075
0.2933987903
0.7276405765
0.0029802840
0.3945031457
0.5653264626
0.5735700079
0.8274674252
0.9504948149
0.6743437537
0.1372862103
0.0349670500
0.5564446573
0.4906251560
0.5598135254
0.5685303397
0.5797098845
0.2268338459
0.6945781615
0.5999887565
0.8794570079
0.6051694954
0.4452299079
0.1474125944
0.4311167042
0.1188563325
0.2255492868
0.7171013217
0.1104600801
0.6795068256
0.8532824456
0.3961115409
0.5859068467
0.4727969114
0.1107545076
0.9100505128
0.7882753087
0.4830216801
0.3595061155
0.0886914150
0.4229077739
0.6760662604
0.5065897566
0.8312432461
0.2002538527
0.4583111798
0.3085531897
0.5355639633
0.3536490455
0.5809374398
0.7977861523
0.4584632770
0.1307101830
0.7849141529
0.2668696532
0.7713083332
0.4886980081
0.8165828021
0.3935571587
0.4669307042
0.0111044702
0.2172588720
0.5194906062
0.0797738244
0.7579032307
0.9426412796
0.6368259033
0.4146680478
0.9744468882
0.1180290484
0.0217875372
0.7436768927
0.0036835747
0.9121121051
0.8568027446
0.4585912872
0.2936447729
0.0272271084
0.7008535557
0.7870757657
0.5016824928
0.6844841327
0.9098700451
0.3149158645
0.2532444034
0.5872482455
0.4835910539
0.0080038984
0.7045331192
0.9671682778
0.9466685438
0.8667120982
0.5083948013
0.8816657032
0.5064641305
0.8205602456
0.1441383072
0.4132566172
0.7208029213
0.6716560386
0.3178416817
0.0467584481
0.9952236593
0.4572857636
0.1170764426
0.5054618446
0.7272964119
0.2332984103
0.8502986658
0.8928093872
0.5420668571
0.9260647734
0.0019331524
0.5973826553
0.3544463160
0.3917347638
0.8110070122
0.7805300722
0.1051446795
0.1177851560
0.3031316666
0.2989236503
0.9327936609
0.8012152054
0.2541175553
0.3663870911
0.4855134057
0.2251166616
0.5529906711
0.9436568160
0.5817100022
0.2722994752
0.2581819526
0.7326628261
0.7225953840
0.8704300444
0.2933208342
0.1324342302
0.7033683219
0.6249781932
0.2191526433
0.8084487122
0.5396420941
0.5926222122
0.9400090788
0.7782980790
0.9442076895
0.3767725828
0.4682875597
0.2886132575
0.1625250311
0.7731064376
0.8372656052
0.5714794794
0.8955155793
0.8638218935
0.8064288574
0.6658221694
0.8279760661
0.7294883706
0.4160978110
0.1091786232
0.5762933574
0.2947642490
0.9195880718
0.5976231760
0.7305358246
0.2465123425
0.9184281542
0.9911587587
0.7209217369
0.0794668212
0.1590797452
0.4508101946
0.3730125592
0.3702902806
0.2502003685
0.4128095796
0.2374595513
0.4089299105
0.7222039308
0.1231185324
0.5097809674
0.9476947590
0.7013078335
0.4821746143
0.0736708156
0.4535743501
0.4396560453
0.9227013859
0.7709877673
0.3558875853
0.2962740240
0.7559442185
0.2780280309
0.7095870880
0.3412757160
0.7524852224
0.6269533214
0.2197743037
0.8941889759
0.7082699994
0.9874992800
0.9740058053
0.7095453211
0.9190145641
0.6357161411
0.9238397811
0.8228665022
0.5587391078
0.9192340855
0.4314730732
0.0607516028
0.9859538842
0.5614436767
0.0210829426
0.5063418532
0.4619375704
0.7662591057
0.5342964895
0.1080756656
0.9332254020
0.7136812220
0.8087388838
0.0622636724
0.7984360161
0.3526810665
0.9468185533
0.7512682057
0.0282725781
0.2585256887
0.2375475225
0.1815324578
0.3524612439
0.4304690551
0.5547089594
0.4765573763
0.1686836998
0.4270495120
0.3587628255
0.3731266101
0.2697181568
0.8147159764
0.0835296029
0.6429752897
0.0308934241
0.5792874703
0.1675533823
0.1995056240
0.6403586326
0.2102476707
0.0153938191
0.2128048473
0.6570776748
0.7645431860
0.9254236516
0.5347227714
0.6244826941
0.3990455355
0.1041918913
0.4020123042
0.7560837546
0.2127751363
0.5043004257
0.5822570434
0.7548986215
0.1315882394
0.8486541263
0.0688060357
0.6339387802
0.4746526736
0.8227529608
0.1747613658
0.8976818259
0.0388695968
0.9555502724
0.4434666005
0.5436627961
0.3004205870
0.2464567964
0.8317544377
0.2236071360
0.9402878448
0.2388708035
0.6291045059
0.1328900627
0.9669434237
0.7075137938
0.5488625832
0.8220622290
0.7950186631
0.5121032833
0.5858016037
0.7767138641
0.0341459830
0.9052136786
0.3300857078
0.5298153171
0.7909412705
0.2104034728
0.0917286134
0.2612257038
0.9204148380
0.8291623970
0.3208837690
0.6919790905
0.9825837439
0.7474332917
0.4067096583
0.7841453253
0.0388926259
0.8056656511
0.1114082387
0.3647964102
0.7898971220
0.4007999766
0.5437266935
0.7381574740
0.0441991681
0.4302786518
0.8637502911
0.0113279793
0.8100041066
0.8071464081
0.2779085224
0.1850846967
0.6840179156
0.8735648165
0.8469598438
0.4664214431
0.0928027988
0.5028176740
0.8803590106
0.6687060646
0.6162485138
0.3550423426
0.1726317757
0.5712418462
0.7457874117
0.2584041678
0.5740777625
0.4781156207
0.6147950985
0.7410414157
0.3493153472
0.1251362136
0.4975013588
0.5854883109
0.6664514589
0.4884786919
0.9032486868
0.4065179059
0.6043331200
0.8974042501
0.8587417746
0.8752416571
0.5124880931
0.1749587244
0.5405123176
0.7493782459
0.9481713846
0.3795180442
0.9700043507
0.2414651264
0.4673228392
0.5714827004
0.0237035792
0.5724533275
0.1575520729
0.3598436056
0.5412998601
0.5678512553
0.6211679189
0.0726965427
0.5927092961
0.5096873635
0.9162730017
0.3983148567
0.6294195333
0.4007644886
0.5646388237
0.4759724052
0.4346251364
0.2008919564
0.1576098432
0.0586535747
0.7082422745
0.0802617753
0.7311300868
0.8702003494
0.7739163594
0.6373192858
0.4190333042
0.6919955278
0.2095394233
0.7871499643
0.9066493833
0.2476477651
0.7014369524
0.1427507137
0.1480956131
0.2916756664
0.0278545068
0.4026991236
0.1237191308
0.0395346014
0.4872547310
0.0161125935
0.7422063739
0.6261847911
0.7435804488
0.5840082268
0.4589540493
0.7875069354
0.5650117407
0.2476690837
0.2344754409
0.1233075779
0.1492806556
0.5920200819
0.5811259574
0.0984866502
0.0127984586
0.3440795824
0.3906890724
0.8137747288
0.2462839111
0.6802493954
0.1279937456
0.6116954409
0.1516218422
0.9580959876
0.3133446412
0.8283269131
0.2783739608
0.5488454247
0.1632215513
0.7073285386
0.3752053273
0.6195084072
0.3701623382
0.9697051440
0.0618061553
0.4601223888
0.7982974548
0.7331657465
0.3906314134
0.1047218831
0.5167319788
0.0473969769
0.2902892140
0.2401577338
0.1977597622
0.7843156426
0.3082757024
0.0862192596
0.8752150314
0.0977893999
0.2320387872
0.3937886239
0.9814142452
0.1246592548
0.7090269064
0.8550506711
0.4586717197
0.3322632829
0.1284826362
0.4234128374
0.8586840171
0.6145816839
0.9200977356
0.0663599826
0.6183632659
0.4510046148
0.7445566500
0.9191249254
0.3385828445
0.9593559574
0.4117801522
0.0609163823
0.4791271956
0.1726384228
0.8223304861
0.0556440194
0.8860701785
0.4305280354
0.1053118057
0.3453614286
0.0821129601
0.6681546962
0.3763188184
0.1492097239
0.9164551876
0.3327555852
0.5670248666
0.0269455974
0.0290637362
0.4629325494
0.2913887607
0.7939820154
0.1787056629
0.4221692941
0.1961206100
0.3357320519
0.7637729732
0.6780181682
0.1105534254
0.1362462179
0.6280272758
0.4462580393
0.6525699020
0.4737546365
0.2382160918
0.8238762178
0.6477250737
0.3650279955
0.3913210924
0.8153209697
0.2497173620
0.1075526603
0.3058020987
0.7008229442
0.4413040864
0.6600017397
0.3952922532
0.0337039749
0.4947597061
0.6631108989
0.1252811377
0.3180531216
0.4578618276
0.4734839127
0.0928301245
0.2284560453
0.4066649633
0.5501144897
0.0382793724
0.6467232207
0.8932153864
0.3446030867
0.7254159403
0.8484803920
0.3251424997
0.1965888857
0.1508492317
0.5403650315
0.3130956276
0.7547254754
0.1008089200
0.2836315363
0.0964119388
0.6841817501
0.4213337238
0.7504724192
0.0768023357
0.5016221524
0.0931584826
0.7226317065
0.8608250929
0.9954357067
0.2178887935
0.4436065694
0.2919964995
0.5199964230
0.3735570243
0.7372471691
0.6301435956
0.3157731575
0.0261256144
0.2423343719
0.6710861107
0.9416405757
0.2997567488
0.5153954241
0.5320053553
0.3801883250
0.9929833409
0.1931550916
0.5169025213
0.4589571414
0.1178409077
0.3351606946
0.9296923407
0.3709723524
0.7338534987
0.1642532394
0.8969882349
0.1994929121
0.4262699663
0.9420074874
0.4562979536
0.4177757197
0.0838876185
0.6472126895
0.6601553519
0.1470523766
0.5847525604
0.7614061365
0.2167187175
0.0230612017
0.1127349417
0.5185225740
0.5442895191
0.2009944682
0.0530789835
0.3226399875
0.1796160283
0.2391902516
0.2046978703
0.9562520343
0.2188586705
0.6872458939
0.8485983080
0.2465555838
0.0294191891
0.9988470588
0.8412202886
0.0835637629
0.3491380455
0.2020834270
0.7619950523
0.3027555731
0.9535825936
0.4388321404
0.9428200817
0.8505272019
0.3084266593
0.6724836415
0.9743333101
0.0501965375
0.6563080596
0.6136441929
0.7364501802
0.5126423544
0.2890632556
0.4417968353
0.5475089987
0.7784303547
0.5054136440
0.1308052531
0.4737020455
0.2151926919
0.8043395972
0.1266748779
0.4721659706
0.3165395594
0.7496653876
0.5906912521
0.6891023219
0.5222484885
0.6597345727
0.5515863869
0.0279914600
0.6002910022
0.9487594012
0.0260938960
0.0213155814
0.4986494779
0.8143749158
0.6937939272
0.9883639280
0.9099859728
0.6613040832
0.4211505272
0.9926660448
0.2785614713
0.2840977934
0.9875626027
0.6582434636
0.2196897503
0.3738587518
0.5471390778
0.9340404866
0.8617157885
0.3854783045
0.7063423010
0.6086275457
0.5744399574
0.5073667995
0.6186538893
0.9461266163
0.5664981919
0.3669972199
0.3620735721
0.9158567502
0.4172091548
0.6683412436
0.5497181560
0.7588788141
0.0886481203
0.0324989522
0.7614995130
0.2681027202
0.4246191754
0.0181112419
0.1213498926
0.2094499472
0.2010483069
0.3928218586
0.7580987444
0.3827514756
0.2601317415
0.8992917366
0.7750850686
0.1275016088
0.0646742174
0.1130634279
0.1292446688
0.2361476218
0.9607269363
0.7765235571
0.2101142191
0.0907763045
0.9055251822
0.8042269153
0.1786970203
0.9246806770
0.8982957107
0.1541222919
0.1995953147
0.0615903462
0.5046602585
0.6947922882
0.6700457660
0.7932641727
0.7517964922
0.5822491252
0.8596408915
0.9053011969
0.7510342774
0.9744436873
0.7500823389
0.3023297793
0.7187254369
0.4121230465
0.1567114615
0.6951452266
0.6284942440
0.6446113548
0.2808178433
0.6609488920
0.2897000124
0.4086367859
0.4789052105
0.8057275535
0.7220945375
0.8232298317
0.3679068330
0.0773220259
0.2135924902
0.6478557231
0.7121890290
0.9848625587
0.6094218321
0.1932499864
0.9971591161
0.0489547271
0.0927949066
0.7933799080
0.6122018398
0.4229750013
0.6076154547
0.1160943749
0.6652879901
0.4880730494
0.4739054372
0.7308848284
0.8959351069
0.1910798461
0.1604485294
0.5645348259
0.0527326055
0.4851383155
0.4165958790
0.7446859028
0.7640570624
0.4968685173
0.0545846032
0.8431711105
0.1180311029
0.4521718359
0.9841459039
0.0268191436
0.8650063703
0.2779024674
0.1692709098
0.6819708650
0.3144091249
0.0489089081
0.7191848679
0.8509283760
0.5341700268
0.3884841955
0.3650509617
0.3808326656
0.8326539464
0.6338588138
0.3580646287
0.2216328791
0.7322195395
0.6728493575
0.9394342173
0.5550963436
0.9026634311
0.9597372164
0.3211795007
0.8126845409
0.4207799661
0.7767604518
0.8371895894
0.7404585912
0.8407138149
0.9049791532
0.3356770542
0.5992747232
0.7814154040
0.3350277457
0.0929960890
0.4942676555
0.4756097392
0.4988767010
0.5042597500
0.1841302276
0.1586191954
0.1129983832
0.2190249820
0.3401454062
0.3333704124
0.3041294118
0.6563166270
0.6290821549
0.0585112190
0.0843687812
0.0781020881
0.2402619503
0.4526943115
0.1108447417
0.6396038603
0.0769386380
0.0330992189
0.8506821557
0.2440908742
0.4115403334
0.4200994648
0.8521841609
0.8346605148
0.3910120235
0.6164037908
0.5071922189
0.7752594160
0.8394558271
0.9752304772
0.0980557516
0.8234597324
0.5015658523
0.5069859714
0.4842263145
0.9065641072
0.5133251276
0.9138581762
0.5089796368
0.9280572216
0.8054178708
0.0601906052
0.7560526972
0.8908618490
0.6371541474
0.5994479909
0.2694434383
0.3788353779
0.3575051825
0.7228589250
0.0720831247
0.3528951542
0.3546752992
0.7787669342
0.8002910108
0.0992954903
0.6916986533
0.9891391348
0.4102837128
0.7015841130
0.6270171696
0.9266399943
0.6926876353
0.8051340362
0.8368762132
0.7581684109
0.3906995425
0.1295081147
0.0704245876
0.3114199529
0.7801102374
0.1986054577
0.7588478151
0.1948406575
0.9587810494
0.2691141403
0.6956697180
0.9302613596
0.4128767450
0.9084744320
0.0124402340
0.1694993212
0.2960971701
0.4929054609
0.6265067663
0.3301588401
0.9985785402
0.6660503680
0.8147508713
0.0345561895
0.5587983851
0.8617238921
0.9241793452
0.3228167263
0.5587375834
0.0220061834
0.8694225943
0.5186429921
0.2097082089
0.3646908402
0.1931535968
0.3792858460
0.1298682348
0.7925233030
0.7823165015
0.0141347045
0.9464361113
0.1741519893
0.7844022416
0.7517864518
0.5670049965
0.3263446106
0.5681779772
0.8790450956
0.5160058392
0.3670801666
0.9156350423
0.9316522119
0.9911502364
0.1657690482
0.5125440773
0.7850031109
0.7148198062
0.0180413763
0.5838791969
0.5715918952
0.6736413484
0.9542732768
0.6370579876
0.6338619778
0.8829115597
0.1565634356
0.4226793363
0.1227512576
0.2723796884
0.2017861558
0.6540332830
0.5497232474
0.0661983586
0.4649778472
0.8258740787
0.1321068653
0.5208023024
0.3794749408
0.1511821226
0.1786301574
0.4010418068
0.8845795738
0.6185570544
0.5624440861
0.5800223094
0.1845287263
0.0046363586
0.0575223717
0.4831373705
0.4332251144
0.4994977854
0.5089973373
0.7319009642
0.6588016077
0.9843030640
0.0444121318
0.0572999502
0.4672068777
0.3910608014
0.7376514444
0.2772850442
0.2778332552
0.1377169734
0.4267742359
0.4304617132
0.1456918217
0.6892570351
0.1275243540
0.6881790790
0.0531169808
0.7131105007
0.0510120458
0.9460308822
0.0379737234
0.9793030564
0.7002286477
0.9298399260
0.0564126355
0.6207773483
0.1607788981
0.2846400487
0.7036357697
0.7018790647
0.1696213193
0.7164563031
0.7226175105
0.0225343497
0.2230109092
0.2670505219
0.6862025424
0.5864546382
0.5340974019
0.5886992106
0.0975105085
0.2556529976
0.7975194199
0.1966900467
0.7961478857
0.9050775168
0.8349806421
0.3701987509
0.5013417514
0.7566011791
0.4376830289
0.9238057945
0.2930591101
0.5167503062
0.8331608520
0.0420984836
0.0154516849
0.8349959445
0.6532492286
0.2724831226
0.9640822795
0.9712697104
0.8287640957
0.1890231753
0.5135349769
0.9627991787
0.2320501353
0.5430010798
0.0270643833
0.4830354831
0.7506498800
0.3174563906
0.2878832080
0.2966449913
0.2184010714
0.0401340368
0.0590304444
0.4503343786
0.5969694927
0.7953306657
0.3234215866
0.2700931255
0.1164054119
0.9745368010
0.5469371484
0.8772765446
0.5121658732
0.6468996024
0.6154036311
0.7723509813
0.4278019817
0.5385452950
0.2620676787
0.4736006777
0.1945718596
0.9313444892
0.1077115197
0.7876808402
0.3462098842
0.8480600179
0.2146955460
0.8667575992
0.7848711681
0.5683892310
0.1001982523
0.4764255592
0.8702210587
0.9773164601
0.3262322399
0.4301127332
0.9774252429
0.7555472502
0.5418988501
0.4400518957
0.9628654824
0.4891480611
0.6505632887
0.3616652883
0.9614255296
0.7714186847
0.5205674936
0.3687543449
0.4388770554
0.1471705958
0.5958007038
0.8394516342
0.8292610558
0.2099938755
0.0500900939
0.0718666220
0.4667599182
0.0566749155
0.4788398088
0.0127917956
0.4894143968
0.7464753958
0.6712817124
0.7470270667
0.8367945178
0.7347341831
0.7938576606
0.6421992983
0.0699690482
0.4003520408
0.6353687718
0.8183390415
0.4390785625
0.3747417224
0.3114740455
0.3041168835
0.9198935942
0.5166102541
0.9771286052
0.5610789243
0.8621597277
0.9211217297
0.3464960710
0.3839833000
0.2873791529
0.4395978646
0.0096188013
0.2789412797
0.7035749591
0.6709112052
0.4937908455
0.5968462371
0.4225466563
0.3248381311
0.9502379145
0.8326703314
0.0146600024
0.4991344457
0.0822183455
0.9039976634
0.4639156195
0.7683581638
0.0864965965
0.3333652896
0.1881013263
0.8934832776
0.6584580391
0.3729150930
0.8325390604
0.3592176434
0.0286258171
0.4386457510
0.8928917980
0.6335517450
0.1307442556
0.3118050756
0.9132502449
0.8463012319
0.4782485929
0.2425391941
0.2257233875
0.3331083336
0.9558475941
0.5166526141
0.7357239119
0.0092296055
0.9280625544
0.8076051333
0.3035591539
0.2025074729
0.7454108662
0.4931235745
0.5140397295
0.0847475028
0.8571073036
0.8762718574
0.3958998094
0.7625316014
0.4415026585
0.2576593450
0.5058967318
0.7694003486
0.2259568360
0.4826467024
0.4109754498
0.4307516633
0.8548741797
0.6167587655
0.1903664632
0.8608996894
0.9277903459
0.1533785337
0.1312151780
0.2719835280
0.3242023231
0.0068351305
0.9153064003
0.5006405793
0.9404803943
0.6021874297
0.6438588534
0.0606837837
0.1912321763
0.0467381888
0.3224890228
0.0216819185
0.7119998892
0.8691031579
0.1555007147
0.6713338816
0.0674894070
0.8558021598
0.6058795261
0.6412223901
0.7866409038
0.5347944699
0.8960526206
0.0949239749
0.3980175968
0.4572536314
0.2216232258
0.6065781859
0.9833608221
0.9124546850
0.2966593799
0.9596748223
0.9983469516
0.1931575035
0.3891327727
0.1065220793
0.2801387762
0.7219208784
0.4313995547
0.2052229526
0.2233273129
0.1979587566
0.4355080012
0.9252580409
0.6398480352
0.1205033342
0.5965083976
0.0278317982
0.9268129097
0.3249715232
0.2361336319
0.2048526566
0.8947528771
0.8168157195
0.4440850288
0.4832458516
0.2661688033
0.4394664023
0.9341603650
0.8805614665
0.8036417305
0.9454971889
0.2644888976
0.6381391261
0.6814517038
0.2257359651
0.1203383239
0.7382429232
0.2888184149
0.0010409458
0.2680701119
0.4741699780
0.0941162204
0.7266159213
0.5590782567
0.0582770956
0.6303051307
0.4321313384
0.3851734251
0.7468536873
0.0806570110
0.8000777477
0.4777564455
0.3306772500
0.2162606247
0.8250175612
0.9295369348
0.7905289386
0.4033601837
0.0798201757
0.2594282175
0.1473811320
0.9202871139
0.2686453768
0.5781909044
0.6741910228
0.9919028669
0.1936992982
0.0273168482
0.5134260557
0.9655306663
0.3437461415
0.1756776044
0.9426700810
0.5118600397
0.2099201131
0.3735063814
0.2260829803
0.8582281982
0.5951604762
0.9578730048
0.8663720086
0.0917211178
0.3638543752
0.8517782338
0.9765113849
0.4485317104
0.2268009236
0.9266665794
0.0225309139
0.7463246202
0.7651763926
0.4267650273
0.4817508891
0.3394501289
0.3269581068
0.7868695147
0.3171715025
0.0463095959
0.4523367115
0.7164106924
0.3382736129
0.7286310594
0.4482566939
0.0609455692
0.6609352436
0.9062438152
0.9077020769
0.2544735597
0.2483488374
0.6465671344
0.3883305069
0.7874548951
0.3351527753
0.1229983717
0.8173878890
0.3315364143
0.3620498666
0.4055662028
0.8502875268
0.0425754852
0.1504366201
0.0792870796
0.2474654649
0.0350605594
0.9353550568
0.7838859988
0.2591189882
0.6402677798
0.7825865823
0.5039993723
0.1286980743
0.7309657859
0.3559531363
0.8960802795
0.0270627851
0.2128317822
0.1494178756
0.9342667178
0.4836373994
0.1340613216
0.6703105881
0.2066377781
0.8974893393
0.9537906122
0.2525379558
0.1857291714
0.1138800547
0.7239160078
0.7088295165
0.0337923677
0.5009012954
0.3874858138
0.6567375353
0.6625211432
0.4098786251
0.5826065722
0.2111156581
0.9047463758
0.2364829287
0.3205328026
0.9568688707
0.5398135620
0.0629540739
0.2566938239
0.6736804733
0.2290007560
0.4731003031
0.6167692133
0.1985845384
0.8278890693
0.7894775906
0.9990416116
0.2911157312
0.4872949549
0.9346584999
0.8188522868
0.5808353263
0.9359900312
0.5003809579
0.5167305882
0.1015246339
0.7516739824
0.7885936062
0.5265894606
0.7171718261
0.0977944863
0.5602860317
0.9724312984
0.0370645186
0.9529898135
0.1896412295
0.8884677844
0.1001786961
0.7291873270
0.3772622191
0.4255351314
0.2443324592
0.6236764088
0.3446512782
0.7938061236
0.4590310793
0.4033936092
0.9725575556
0.8952457141
0.7698859610
0.2055372862
0.7790575006
0.0635514066
0.1650831583
0.5757861824
0.8010397429
0.8980076022
0.3635253366
0.7979794654
0.6043176015
0.9503960315
0.3871174316
0.7283275400
0.9694179660
0.2616568063
0.9515882340
0.5393890677
0.1485835855
0.2048646801
0.1113787341
0.1404941277
0.5765239811
0.5274697317
0.1721885641
0.6696916519
0.8796533418
0.1799256498
0.9131131467
0.5057206949
0.6913603693
0.2629392924
0.5043612203
0.1379221628
0.1969529483
0.5591921051
0.2181551225
0.4482853415
0.0896645550
0.6985682238
0.0670569938
0.6902360878
0.4489117833
0.4398206669
0.9829936936
0.8119198374
0.2405595721
0.5545952492
0.3112022184
0.8882427774
0.0031282461
0.2239609306
0.5280605542
0.4537734795
0.2896514867
0.2553062577
0.1548338887
0.4355216701
0.1063117802
0.1532941520
0.0038766762
0.9016997591
0.0287283295
0.2968267198
0.5388751248
0.1588527830
0.3715129575
0.6279561674
0.0574964447
0.9563758520
0.7747323507
0.5951959819
0.0765359233
0.7101708752
0.6974841496
0.2927167132
0.3793443579
0.5040286066
0.2800441798
0.6097802559
0.7610559585
0.1338512090
0.7462046048
0.6503545561
0.6001542011
0.3752788059
0.5192490508
0.0378350191
0.7396664567
0.2887593151
0.7369873619
0.6630497021
0.5827443878
0.1809224978
0.0969907486
0.9824767871
0.7628992027
0.6016639492
0.1174539499
0.7017707021
0.6191217615
0.0385818029
0.4096029745
0.5940251796
0.5881996276
0.8762285603
0.9079358536
0.2335546988
0.2264010159
0.8832461630
0.2055805053
0.0580218380
0.9126153519
0.6266067290
0.8942190343
0.4075045260
0.4212152532
0.0019776922
0.6677151534
0.7908746690
0.5037191666
0.5565364274
0.1558974377
0.6549030151
0.5291521641
0.3460949487
0.1924367872
0.4516229141
0.7917525891
0.1047139426
0.1728905679
0.9521127509
0.1857105870
0.5495450974
0.4154317423
0.3748991905
0.3402488232
0.5202712276
0.9694724437
0.9031430404
0.6891690929
0.0843477629
0.1513876359
0.9375599833
0.7806909482
0.0272991650
0.6012030325
0.8546303315
0.5584595352
0.9653026519
0.6180056202
0.0817182804
0.7073292216
0.1074359623
0.2146188719
0.9225224739
0.1050343867
0.0061073892
0.3473751128
0.9680736629
0.6131364086
0.7784615782
0.3308789270
0.3611688740
0.7457871400
0.4732332604
0.8998208294
0.5250809213
0.1827189740
0.1068522774
0.1498939501
0.8354784400
0.0492748400
0.2244292767
0.4010624487
0.7512414335
0.2206690838
0.1467145042
0.7809130632
0.7641258489
0.7882654282
0.4935308010
0.2954209185
0.9619355567
0.5928176198
0.4357874867
0.2314034110
0.0114118147
0.0529650715
0.3806955763
0.5680165900
0.8921235497
0.3872558202
0.9198503385
0.7977585371
0.5213544350
0.3299820435
0.7379941180
0.6437934204
0.4091874256
0.3737866769
0.1521686043
0.6063790681
0.7610418607
0.2967964804
0.0772812672
0.7817089503
0.8802804383
0.7089121272
0.8362935423
0.2742058191
0.6787614905
0.5228095511
0.6077854074
0.2814362092
0.5552075516
0.8594354278
0.8382146450
0.1891609325
0.5300315222
0.7918565815
0.3091931991
0.7307521588
0.1632532362
0.8060718337
0.4189564048
0.8151990685
0.7102770977
0.5838896570
0.4634994346
0.5064569149
0.2622000119
0.9396533714
0.9101542067
0.8329862785
0.9402931323
0.4073480026
0.8256611342
0.6219564989
0.3516661219
0.1790987647
0.2471058289
0.0572984129
0.3869470110
0.1911548981
0.6745439914
0.9413526617
0.9074958153
0.6521809852
0.6022564664
0.2218085661
0.5955343094
0.3785120370
0.4931126169
0.1018224319
0.8165585465
0.2251238875
0.6903249945
0.1083822184
0.0672491189
0.1918040839
0.3384774589
0.2939459691
0.0209416423
0.8360335946
0.0173238769
0.0092750640
0.0440060149
0.7694766471
0.6497458422
0.3123699438
0.9042216221
0.3632221368
0.4102331617
0.2762036102
0.5205862215
0.2074258512
0.2253660649
0.0357653019
0.0210057843
0.4252362560
0.9122394763
0.0940485610
0.4457626638
0.7885165527
0.6083237123
0.0317768533
0.6610325493
0.0227515021
0.1823479866
0.4079041066
0.8384928964
0.7516957121
0.7174500521
0.5863021597
0.9657232350
0.5884526427
0.5345096187
0.4483931709
0.3965183039
0.6131605909
0.2233427250
0.5459418067
0.7735103719
0.0548669383
0.2271398330
0.7038654711
0.4051273638
0.0211826693
0.4985892415
0.6339781948
0.6739165835
0.4606479816
0.9803334825
0.3977816931
0.1365396982
0.7975408200
0.8843745872
0.9906656682
0.4712197821
0.3810027902
0.6786369125
0.2085150418
0.3420531190
0.2173630092
0.0817226763
0.2900439779
0.2235567615
0.3214738301
0.7647356308
0.3626719108
0.5739669917
0.3864883168
0.1068309097
0.5674222064
0.5141994961
0.0823814066
0.3302152650
0.1851286002
0.6900778332
0.8747517257
0.5593459679
0.0801609760
0.3651841230
0.5422933442
0.8361510032
0.2023942471
0.6383190813
0.2495279305
0.6171205815
0.9692847697
0.1990432153
0.8516319217
0.4924287670
0.6447329872
0.7153765824
0.5304636187
0.1139071969
0.1874098688
0.2176073932
0.3500441902
0.9305919603
0.7454163635
0.5210245097
0.6107466488
0.8340165586
0.7660635249
0.0235488822
0.2203231269
0.1841751666
0.0566935955
0.8227512821
0.0414316370
0.1550506969
0.8644765816
0.0744024022
0.2904429231
0.1680845768
0.3911030649
0.8366350738
0.1584201013
0.0963970749
0.2981285670
0.1201239134
0.7521095827
0.8505785673
0.8475868320
0.7593980336
0.7070422348
0.0524410365
0.7475786434
0.2571469125
0.6943532136
0.9361353547
0.1206086165
0.7360445358
0.0028277218
0.1032508845
0.5656058818
0.5241292905
0.9269128345
0.6369376855
0.2165227107
0.0323062408
0.1171453743
0.6953367223
0.6493897664
0.8898828312
0.9974284493
0.6916590424
0.5105445468
0.0375899948
0.6916487999
0.7107057477
0.9471715714
0.3353710217
0.3645320931
0.7412145192
0.0564638166
0.1380077487
0.8112674013
0.8197520454
0.4360205194
0.2916710245
0.0622037574
0.4170941674
0.8479828632
0.5627684975
0.8293040516
0.2609918814
0.3252756633
0.6812110150
0.9897850537
0.4649488319
0.3763015619
0.6316480587
0.6457081008
0.3260169048
0.4311508120
0.7612993857
0.8467618042
0.8405862822
0.2115421057
0.6535397887
0.6434875969
0.6221669194
0.4799166291
0.7394985052
0.0474703972
0.7758754577
0.9738260213
0.8503213049
0.7597730788
0.6524054399
0.5377144566
0.1398490065
0.1581760457
0.5861613998
0.5915593577
0.2610187747
0.9683731612
0.0250293684
0.7890961812
0.1178205710
0.2070407777
0.2684469601
0.5627375626
0.4588245189
0.5617118128
0.8411942038
0.2833850856
0.9764538321
0.1574888908
0.5527600988
0.3798142407
0.9898421572
0.7096766087
0.7478003521
0.3031691278
0.0676317342
0.8205947654
0.0468128002
0.7785180703
0.8524086897
0.9148820688
0.6582653289
0.6173406072
0.4746961751
0.3520656939
0.7581724268
0.4149966071
0.4089141643
0.0895542981
0.8480525430
0.4687867535
0.8335269733
0.1488594479
0.2536299262
0.4064969230
0.0722812509
0.2097478026
0.7553101458
0.2893342480
0.4833829846
0.6753671385
0.5001900527
0.1522627249
0.6849065344
0.7095912266
0.4572011850
0.6304582281
0.7655554161
0.5670551527
0.4839628557
0.6750556748
0.8746591238
0.5643084986
0.4673269835
0.1788475958
0.1658837729
0.7236974069
0.7731135653
0.4466983082
0.4182010535
0.1098978734
0.5027285171
0.4076761113
0.2019883234
0.1692732948
0.4440356715
0.8814238155
0.8147508788
0.1241594611
0.0939705622
0.1778733812
0.7278177178
0.2382635512
0.5447302530
0.1459035854
0.1631323000
0.3640182449
0.5850463586
0.4698591327
0.2750298468
0.5153001017
0.0457003947
0.2803866332
0.1757486962
0.1765256885
0.2844043321
0.4276992860
0.2182679627
0.6420306723
0.7476241490
0.9558668559
0.5922340835
0.5765860120
0.8278902657
0.2955259650
0.8126836921
0.6971316593
0.0262926321
0.0633442925
0.5529292438
0.5977742823
0.5097146032
0.6927735710
0.6271796419
0.4309861757
0.4744601035
0.4942003136
0.2747912886
0.6050239962
0.7565582060
0.8666813646
0.4673914094
0.4992129948
0.3665655542
0.1889292739
0.9580897546
0.8711812455
0.5744379339
0.8442118479
0.2486689640
0.3424174652
0.2941069593
0.6563347214
0.6211142319
0.8725268707
0.2191118571
0.5483943011
0.6416983788
0.8958567285
0.4906712661
0.1441625928
0.0867767068
0.0737762678
0.0902789554
0.6366439171
0.6914879436
0.7238343282
0.8648128475
0.0370858182
0.9328484084
0.6518421779
0.3726417834
0.6667470582
0.8147967513
0.6867687451
0.9675455568
0.2184946671
0.4380977123
0.5038270764
0.7108407146
0.0932193725
0.3633643621
0.2503548144
0.4707674534
0.7481803334
0.5643457105
0.8297347182
0.4364437559
0.5316066601
0.9501451735
0.0207313964
0.6713121158
0.1544345523
0.7062346582
0.5244358711
0.4330396625
0.6820028266
0.6470893934
0.4925102940
0.2810803583
0.6394969513
0.1263085852
0.3229693856
0.7715474228
0.5773716482
0.7350604555
0.9299258256
0.2662931786
0.8325932468
0.5604822285
0.4043895406
0.2501863773
0.9854929021
0.5666137503
0.6398681275
0.2568194581
0.2769867358
0.7760361065
0.1303303591
0.8673139238
0.7496819267
0.9237744199
0.0991125800
0.4607388049
0.6366391452
0.9381766398
0.0638546775
0.2707801116
0.8843760932
0.9275757079
0.3282358101
0.9346563560
0.2858657066
0.4765519731
0.0362278873
0.3647461547
0.3981542703
0.6551840292
0.8705736044
0.6796600582
0.1474663767
0.6130269230
0.9267020728
0.2920987774
0.6602109332
0.2508714230
0.2310585706
0.2581150854
0.6424987831
0.0462250911
0.7433556083
0.9981015743
0.5700709785
0.4965106124
0.3449322705
0.8363792549
0.0161711486
0.5094907182
0.6624958400
0.2484398366
0.4185288809
0.8492885938
0.5961478007
0.7206277444
0.4862721197
0.6487041141
0.3939456223
0.4269933684
0.2998097654
0.3844430319
0.9782798773
0.3648179015
0.8006711024
0.2236654694
0.4495802195
0.0399050376
0.8858159282
0.2973778121
0.9074493685
0.0664551446
0.2947093722
0.6269253113
0.1628585372
0.8519288609
0.5399829089
0.8288556317
0.4011066282
0.3772307015
0.2157392077
0.3959328949
0.0793096390
0.7573237390
0.1460465714
0.0160150877
0.3757220322
0.0073103592
0.0939399862
0.0847116257
0.2050185230
0.7119745140
0.2868899217
0.9613997871
0.8120156401
0.9050387759
0.0975419636
0.3894133828
0.4820344067
0.3880353109
0.3178426377
0.9147208638
0.9802286727
0.1533791448
0.0858214077
0.7467699256
0.4624982948
0.1455526887
0.7168640527
0.1808167774
0.3630300157
0.7965430417
0.2082351060
0.4383600308
0.5609742342
0.6976179809
0.6753008089
0.2354586906
0.8497676522
0.3708588757
0.8769508238
0.6716069465
0.1844617648
0.6171043879
0.1421278238
0.3660750540
0.8094797719
0.5376791474
0.1548615738
0.2410670452
0.1366397060
0.8414823728
0.0796479526
0.0751528430
0.5237069233
0.5730647586
0.8349398866
0.6837881229
0.8727120315
0.7277681523
0.9420218993
0.1956709031
0.8276231288
0.4480179877
0.6625094003
0.2086970040
0.8728116978
0.8051455058
0.2157021237
0.5069368962
0.3328928921
0.0191228621
0.9463265912
0.5955604726
0.9854203544
0.6456273618
0.4923663291
0.1387331799
0.3570005433
0.2977237256
0.4094977197
0.7911216368
0.8595543625
0.6405203538
0.4540206874
0.1227565323
0.1113367413
0.2814590016
0.4982292961
0.4606780972
0.2483106461
0.7487133324
0.0695667416
0.7218775189
0.0146471851
0.1735472350
0.1121821252
0.4830174952
0.0716306271
0.7703559697
0.0127536979
0.4227988350
0.3335793629
0.2151239069
0.9822224327
0.9781990858
0.1699920993
0.3932607878
0.8395567267
0.1741335245
0.1178164183
0.0002568499
0.0478055260
0.3455472572
0.2931634568
0.1092349819
0.0191219452
0.5558128080
0.4200762970
0.6091947539
0.1365268533
0.4781537903
0.5251519845
0.9045109232
0.6234213119
0.9434020924
0.5188836496
0.5865963550
0.9935167724
0.5949964385
0.5847851334
0.2248734060
0.6067999571
0.5931279378
0.4051832155
0.3054768485
0.4037629900
0.7833014128
0.4194571760
0.1546456264
0.2084412134
0.0072407626
0.4051630797
0.6180405648
0.3690969583
0.0156447692
0.2292427339
0.3746108389
0.1298653738
0.4893270154
0.4744487325
0.4168353633
0.3310547302
0.1541181368
0.7239756802
0.3864560267
0.1629230447
0.8195543517
0.5133864822
0.9350820690
0.2589816646
0.5183696430
0.6506426314
0.1424173330
0.9581121791
0.9003517058
0.5091614769
0.5874256279
0.8581686269
0.0910585264
0.0074600042
0.1380258335
0.1391192029
0.6857037568
0.2594886433
0.7391704183
0.6680738604
0.2910984996
0.7945862264
0.1628526592
0.6540603398
0.9317093073
0.4050148976
0.9253308213
0.3470674330
0.4825317949
0.0041787708
0.2592251316
0.4922547339
0.2645285958
0.0045011104
0.5521225186
0.6343186440
0.0647838377
0.5298808824
0.4611800529
0.5057566453
0.0024607521
0.6557813656
0.5975909438
0.0836808012
0.5521348696
0.0503398266
0.1398108684
0.7824603177
0.0612209144
0.1276414983
0.4071116558
0.4834836061
0.4847139044
0.1858038215
0.1816705786
0.5084527061
0.0556551186
0.9204260182
0.8959857726
0.5870832992
0.1608392935
0.6386578371
0.8313178599
0.7333350316
0.8968304180
0.7181436046
0.1532697262
0.8140121597
0.7393042973
0.5666678356
0.0056374024
0.7858992867
0.9915695509
0.6341071661
0.0826988865
0.4991865828
0.4698355439
0.2079975274
0.5779068005
0.6398351753
0.8942927972
0.2663383088
0.5611240302
0.1765992793
0.1452639051
0.5061771832
0.7265459237
0.2886575185
0.9258512124
0.9727679529
0.6855445048
0.1514914582
0.9136620638
0.1886389278
0.6994300179
0.8132031236
0.5845468973
0.0459225508
0.1497196034
0.9964756331
0.7069265849
0.6060126128
0.6025813272
0.8269029331
0.6348349670
0.3375345514
0.6244382200
0.1562071139
0.2926639781
0.2120100216
0.7631785440
0.8816752713
0.0061749094
0.9751643157
0.4750233225
0.2473254896
0.6901026275
0.8911173176
0.9522510248
0.7711633075
0.1679730933
0.2941007262
0.3420461224
0.4811605886
0.2382094274
0.0358451585
0.8269045461
0.2728591133
0.5746842223
0.6879687997
0.9221542359
0.3546414939
0.0045908257
0.3138649641
0.3417556838
0.5559465770
0.5494126850
0.7394625369
0.9878081748
0.9282775010
0.9225846809
0.4527479748
0.0191182211
0.7454107601
0.0522303054
0.2088840586
0.7380390052
0.6305529913
0.6006023593
0.1562331061
0.3565952056
0.0109382060
0.6125566292
0.0708261624
0.2954972937
0.5003064999
0.6799561436
0.8616124082
0.5599784633
0.3695803595
0.8764887106
0.8480288310
0.5284658214
0.9381282937
0.3852332295
0.4267814799
0.5730532992
0.2636324725
0.1537212685
0.8429816426
0.0841269017
0.6790277622
0.6620529867
0.4825063049
0.9179557788
0.4350369236
0.7560776502
0.2389534371
0.8226385707
0.8673366555
0.7080966523
0.3492645727
0.1660806405
0.8205233871
0.2780914341
0.5293023755
0.8647788872
0.5880728150
0.5855188095
0.9983366302
0.7825722792
0.1135284442
0.7431910992
0.1746564599
0.4790916989
0.3853157656
0.8864904290
0.5547428163
0.8674732289
0.9123226830
0.4076010568
0.1931142798
0.7348542051
0.0662282398
0.4920785213
0.7966775210
0.0736323503
0.3664250133
0.3908291691
0.7123996265
0.3881461479
0.3209522472
0.1293649766
0.8805314561
0.6229664596
0.7580604679
0.0806345849
0.8182829305
0.4453345584
0.6392017204
0.2029896463
0.5062469884
0.5153271268
0.5766600234
0.1247751154
0.8839880419
0.6073394315
0.4827026720
0.7787509430
0.0869325675
0.6830005670
0.6442132337
0.7025553464
0.7402982677
0.1556471267
0.0330872750
0.2517828154
0.1244404546
0.8415829858
0.1219415892
0.0358848645
0.2552505009
0.8371374382
0.0727141404
0.1980640404
0.0777622950
0.9672777170
0.3404018606
0.3852578408
0.3718631176
0.4187348783
0.5211070849
0.1931299394
0.1830913053
0.8333882345
0.3328813611
0.8483178275
0.4296491652
0.4484053622
0.1690001074
0.9705184480
0.8171478983
0.0949324593
0.1310991837
0.3668696982
0.4344691124
0.4325646225
0.7776283289
0.9416284504
0.9080555971
0.8520544602
0.1748762998
0.5709365128
0.3339537616
0.7173453553
0.6631265191
0.8408853765
0.0782770049
0.3064962054
0.8530322493
0.3086224918
0.4943003330
0.3486630650
0.7476431650
0.5134751858
0.6621426280
0.4216278287
0.2231839912
0.9657652979
0.7742871306
0.7701348868
0.5908291320
0.7749895093
0.8163015195
0.3177120402
0.0273577771
0.3428895297
0.9886757941
0.7068292243
0.0472155744
0.8623661608
0.3573909900
0.6956094010
0.0819426260
0.3805704025
0.9128328285
0.4241257262
0.6158402657
0.5724056549
0.4772338940
0.8862128603
0.0710447841
0.1570378338
0.9598527831
0.6435661220
0.4234091366
0.0056308694
0.5021687973
0.0641231087
0.7711058896
0.7083862421
0.8524332879
0.4501509247
0.0124659252
0.1777442086
0.8945081613
0.4029601619
0.5670249325
0.5567025127
0.1061908864
0.5962343262
0.5073527409
0.7323226042
0.6847889564
0.5426632195
0.5074752534
0.1149847421
0.8263946804
0.4015079873
0.6730449420
0.0544073275
0.9315259950
0.8431450968
0.0823120608
0.0799401250
0.6301186440
0.7691676397
0.3694843600
0.6855408537
0.4520580043
0.9455501668
0.2475202916
0.7382258975
0.4674401739
0.7110402242
0.6751530288
0.9712846440
0.0061546750
0.7508846892
0.5128478599
0.4152559687
0.3375177741
0.9486231484
0.1902900712
0.1159330968
0.1772077243
0.1691128280
0.6126471458
0.5650415238
0.7398728940
0.1346551545
0.2866633202
0.1521104944
0.4627202783
0.9003765077
0.9655568939
0.1441520974
0.1055822657
0.0638777882
0.0392311254
0.6696819315
0.0306797571
0.8221239371
0.8589155600
0.9379781095
0.4988775088
0.7411158880
0.6814111073
0.1254515339
0.1029494996
0.3649609559
0.3595857954
0.2826855184
0.4741607851
0.4699636944
0.8148408933
0.8595987640
0.4370091625
0.3677008318
0.7675341982
0.8879996924
0.2030828944
0.2556442481
0.7202884930
0.3910635443
0.5764927049
0.1688529176
0.0188192957
0.9501089875
0.0884282936
0.6780141455
0.9653416696
0.3608015891
0.9855064371
0.3502739303
0.5554171843
0.4565680338
0.6909090758
0.5522805198
0.0003121297
0.6599032372
0.9637501811
0.9267899421
0.0577490991
0.8679930657
0.0083224118
0.2773582141
0.5984796812
0.3605203995
0.1355696605
0.4520118507
0.3555197654
0.3932759970
0.5958100409
0.0784095528
0.9674375555
0.9488732964
0.2555794673
0.2694069572
0.1878576955
0.5594413963
0.0430916779
0.4045011567
0.9685594917
0.2549161171
0.3231115494
0.2992984728
0.6484979773
0.4924908941
0.6645019829
0.6046791842
0.9829824451
0.3918852946
0.1003666804
0.3034341744
0.4612765809
0.9205808475
0.4335916045
0.3669522941
0.2429942838
0.8384474658
0.9243934303
0.3514630344
0.3270366069
0.3265376812
0.0689254276
0.9077227227
0.9857383781
0.6241580121
0.8179789588
0.5825247970
0.9903620154
0.6783153682
0.5953043799
0.8930812464
0.7758866697
0.2814852865
0.2780806641
0.1723335593
0.3060710531
0.8718513810
0.6010567768
0.3299110450
0.5624269895
0.4088984961
0.4127307952
0.0141185233
0.1562782986
0.1121471463
0.0065772967
0.5427835087
0.9552085910
0.6433857494
0.4850574985
0.7120618996
0.6797868408
0.8296921071
0.1699726889
0.3646100796
0.2562806063
0.5038773014
0.3643077414
0.7376562401
0.9432074171
0.5250673918
0.1024192448
0.1579794073
0.9921359854
0.7995676275
0.2369047082
0.1408040920
0.0362765312
0.0877207881
0.7868213674
0.9750122340
0.3011242420
0.8134959581
0.3858208260
0.4124570989
0.5269278750
0.9776621989
0.6186621485
0.0482294230
0.7324687526
0.4958604545
0.5453699090
0.1336678832
0.5588654273
0.4788730239
0.4033548627
0.3479957518
0.0097357423
0.6332287362
0.1264703338
0.1093676428
0.9701317529
0.6425541060
0.9307221289
0.8042120643
0.7808521507
0.2395917927
0.4742044608
0.8789909214
0.7778430248
0.3480724643
0.0404460921
0.3412118173
0.9719104815
0.9861754605
0.8214408464
0.0500530621
0.2778068978
0.3591036039
0.1052911434
0.8556232855
0.9463569531
0.6810946118
0.1460616408
0.5945407658
0.3237149829
0.4221056322
0.8868800507
0.4473977515
0.1606049433
0.2386431712
0.4104947144
0.9937363073
0.7292594305
0.5527258906
0.2445331743
0.1053241744
0.3931524182
0.0938406193
0.0272177244
0.5293985071
0.7678618112
0.5112223518
0.7037310384
0.6136396882
0.0113951458
0.5429223077
0.7564357513
0.4163318215
0.8464201594
0.4182677399
0.5716305256
0.5596952585
0.8940468582
0.8532887905
0.8257475314
0.5722510908
0.3360397299
0.8612350296
0.2926921919
0.9800562318
0.6677546023
0.6246616294
0.1342818504
0.9209122360
0.7380230796
0.2309309322
0.2102180529
0.9584331543
0.2043136972
0.4294939270
0.1974666463
0.9625534449
0.7735130341
0.9090721908
0.7562339471
0.2907535668
0.3629102565
0.4215291610
0.6330109351
0.2695066859
0.1559398150
0.5120469207
0.2439415347
0.6990147151
0.8648136844
0.8901786612
0.3946745317
0.1519140058
0.4397011328
0.0880252488
0.9701024552
0.8186909958
0.7281812946
0.8989591468
0.4517244510
0.6274674888
0.8733344168
0.6705564382
0.7356672544
0.7615662900
0.8773227082
0.7667944914
0.9728277204
0.5721012130
0.3555969086
0.1578556178
0.4871882511
0.4227295012
0.8547750093
0.4201099677
0.1290477350
0.1509506372
0.8325967147
0.7783983553
0.9315841161
0.4218892418
0.6138202113
0.6674176894
0.8945766690
0.9757346764
0.3855483359
0.6568904914
0.1588783020
0.6890147157
0.9905624223
0.3328963927
0.8330564924
0.4024441591
0.5599408517
0.9337517540
0.1608184137
0.1316673468
0.4948743516
0.8934813075
0.0195254288
0.0431466431
0.7191399485
0.1098276615
0.4326872484
0.5440983856
0.4574774647
0.1596882983
0.7453723955
0.6951537033
0.5004483019
0.7453402511
0.2633136966
0.3014783851
0.0743745998
0.7335959139
0.1585964942
0.4942653130
0.6070025419
0.2750014885
0.2069261455
0.6718760675
0.1553556075
0.0039716790
0.9819697159
0.2760445808
0.4458849680
0.6381136071
0.1426928130
0.1530076478
0.2564227224
0.1581407856
0.3214559940
0.5342141251
0.7909212272
0.8871470799
0.7385902573
0.5285870807
0.2766923145
0.2746326624
0.0331865679
0.7754656624
0.7031326579
0.5379461714
0.4557099454
0.6616087475
0.4456830330
0.5578009430
0.6182920989
0.4945555983
0.2161733041
0.2133191016
0.3034523424
0.7376879551
0.5935474538
0.0290820293
0.9814266239
0.9647878971
0.0688871064
0.4230269761
0.2062940958
0.9797748460
0.0481714996
0.8939059271
0.8587584050
0.5357365509
0.1997929438
0.5520502488
0.2665778901
0.1854897479
0.2890344139
0.8500347314
0.8147096003
0.2444002002
0.8708123879
0.5006456777
0.6698748752
0.8972773214
0.4310021296
0.4928475586
0.2200555136
0.3701894981
0.8109459693
0.1216703601
0.3480964701
0.0433815838
0.1461579763
0.1116885967
0.8434153693
0.7534006629
0.9160233005
0.5031802514
0.4093270600
0.9136040262
0.3724401996
0.9380655588
0.3899846273
0.3768818471
0.0172125089
0.1359348884
0.7644099796
0.6799054768
0.8698869644
0.8643667318
0.9708505486
0.7924928530
0.0718570953
0.2977287111
0.8135235587
0.9771074706
0.4188049631
0.9194224288
0.4884105573
0.7638182183
0.1928094116
0.1533671393
0.5747369862
0.5157714259
0.7072231314
0.7477487815
0.8131060244
0.9509019140
0.2050397881
0.8891777628
0.5803833045
0.3566549752
0.1922358588
0.5774441013
0.6725573875
0.4042824335
0.7374056579
0.3277127855
0.5192792276
0.6221350303
0.2195267825
0.8739959114
0.3481833920
0.9567605424
0.0025263496
0.0752621683
0.7558641169
0.6626517779
0.7047587164
0.9019555695
0.1103651621
0.8911637901
0.7161840716
0.7088884257
0.1770371525
0.1685326042
0.2378101252
0.4794923328
0.3983787405
0.5106864865
0.4280628101
0.0652910785
0.4183854632
0.2819695801
0.4737074383
0.5272934987
0.5628177327
0.5749289327
0.7927194838
0.2213141328
0.8532694409
0.1077532970
0.8467437750
0.6028806806
0.4850191593
0.2233236365
0.7000068257
0.5946768490
0.8078698870
0.6739866725
0.2174637301
0.6015215620
0.2965595047
0.5697076862
0.3385278460
0.2792884520
0.8776415213
0.4867327827
0.2381873893
0.7164794087
0.1340146101
0.3025001844
0.3915971642
0.1323108788
0.0007600244
0.5864683446
0.3015117130
0.0264361909
0.9131924173
0.4253256675
0.8253981032
0.6700732365
0.7325525058
0.4627759405
0.3159430219
0.6451070693
0.4824974383
0.3552906298
0.5801499093
0.4605763203
0.3295202551
0.1625358413
0.2796568094
0.0993040174
0.6980045199
0.3178180509
0.9673824944
0.8599728131
0.4050254330
0.2178034280
0.5556384757
0.0110020320
0.7430649383
0.0007465024
0.9421631627
0.8176977586
0.7757812567
0.1678819924
0.1320615507
0.5466653805
0.7752849674
0.6405640637
0.7006074800
0.8561793823
0.4003947250
0.4229902096
0.6309523985
0.0465533232
0.1714838315
0.6337628429
0.8372123985
0.3473640100
0.4849400906
0.4896222449
0.1540776081
0.6327132394
0.8887969092
0.2147955568
0.9453449879
0.8035596384
0.7722853905
0.9883040476
0.3204155858
0.8023214457
0.7567809750
0.2530987688
0.2250198182
0.2169661013
0.2213743847
0.2430802577
0.2025117462
0.1108046647
0.5597831408
0.2667800461
0.1245721183
0.3720994400
0.6989440884
0.5540655790
0.6943293054
0.9196402244
0.0846695404
0.6012388238
0.7630478609
0.7812839377
0.0814964938
0.1927762544
0.7638857442
0.5005958879
0.0670285253
0.0003816271
0.6213947783
0.4511573477
0.6516544657
0.4432458561
0.7342501586
0.9247837107
0.8672304143
0.7275711460
0.7025644001
0.4768179649
0.4379508380
0.5438324049
0.2129775239
0.3072311136
0.4030433157
0.1548363835
0.4093056601
0.8848405116
0.8315506899
0.4210778395
0.7653166701
0.3931036503
0.5472748184
0.2096706042
0.3791387396
0.4763632823
0.1306051492
0.7490794215
0.6419400589
0.0018668638
0.3326368733
0.4737311716
0.1872835987
0.3828017728
0.1811451045
0.7670144927
0.0640312061
0.8113433389
0.1078446012
0.8558978582
0.5725812704
0.2060626099
0.0590724111
0.9872385155
0.8535512619
0.3617359732
0.8239177433
0.6112945437
0.1581084984
0.2730485333
0.4082022842
0.4183728907
0.3309064179
0.0143672879
0.0793108827
0.0977428307
0.6849972926
0.0519451019
0.6714064975
0.5497225744
0.5188065786
0.1645241719
0.1902869360
0.2505364556
0.4839929609
0.8146910575
0.7901257838
0.8370274397
0.7181820333
0.4783696494
0.7405678388
0.8306916999
0.1128316412
0.0827927799
0.8338811235
0.9201640692
0.0584902076
0.6736167936
0.4947179334
0.5401112914
0.2948942556
0.5689041630
0.7281690120
0.3233453656
0.5425600525
0.1620224943
0.5374118576
0.6000266895
0.4160472638
0.6547153247
0.0072575031
0.6602176193
0.1412122055
0.2414165360
0.1680151970
0.2470673748
0.2915240471
0.0151811044
0.2594831153
0.3610331291
0.5320877164
0.4672775422
0.6334007860
0.3536174823
0.7020506733
0.9961709080
0.2887210841
0.4193038384
0.4126950188
0.0959396220
0.1824486986
0.0008452302
0.5462321598
0.6060426032
0.5452186657
0.3636653350
0.0618753681
0.5833842785
0.8495822682
0.1514904372
0.2410119426
0.7009280245
0.8622033083
0.6181309307
0.4119498835
0.2299269903
0.4060548197
0.3579385323
0.8417155582
0.9206788395
0.4660833321
0.8426483044
0.6904934772
0.0797778067
0.2115387539
0.6623477955
0.0513040296
0.2915860334
0.4716427298
0.2745020519
0.6389506513
0.1086886671
0.7962420712
0.3167721810
0.2169377840
0.4599420795
0.5433487973
0.4151785617
0.8754137702
0.4766305446
0.0976817075
0.5019306176
0.1070789559
0.2509689552
0.9835826385
0.2210989366
0.2139282895
0.3105487906
0.0208622986
0.5779924093
0.6594112524
0.8117117449
0.6720721320
0.9895158467
0.5947195797
0.1225908117
0.2917698913
0.4854866394
0.8686843935
0.1354125735
0.3753482937
0.5821831500
0.5710030895
0.3596771088
0.5977987235
0.4170823885
0.4449697907
0.0124151094
0.5465055590
0.5391674138
0.3822853182
0.0559313757
0.2134875422
0.7441988490
0.0022865138
0.5159936040
0.6649058348
0.9173460565
0.3730547494
0.7173620943
0.7757409118
0.0251601402
0.4341678661
0.0139046040
0.6756884014
0.6639361846
0.8547670680
0.5254778039
0.9711232683
0.4567089429
0.4587112358
0.7354744816
0.4886309490
0.7897843149
0.6341973013
0.5765460855
0.5445553362
0.7256103131
0.6376883988
0.1200042705
0.0522376048
0.2965731335
0.5541157706
0.2133685381
0.1455492649
0.4522033069
0.9138465066
0.1941072967
0.6907796076
0.4515879110
0.5085186150
0.4439450087
0.9439633457
0.1204878002
0.1372298040
0.4069976135
0.9641467502
0.6496871694
0.3184391293
0.8117009716
0.2969713810
0.1649691234
0.9734136356
0.4201192727
0.4248186595
0.3572260916
0.1613423505
0.6533848580
0.9246704482
0.6426195895
0.3136324828
0.3866415650
0.1411076079
0.3469671069
0.5667808058
0.2872266787
0.6558582549
0.5656764840
0.6238302705
0.1469452505
0.3154642245
0.9723918809
0.0417983071
0.9213114166
0.9685378316
0.6744244085
0.5551866580
0.6429278508
0.0577920675
0.4024687878
0.8387047619
0.7376034187
0.3620987786
0.3586904807
0.6671338470
0.1819343021
0.5766963791
0.0535165148
0.3543366794
0.6761380664
0.6039235170
0.8269676556
0.7519671891
0.9827307232
0.2009404909
0.0552672292
0.0118211193
0.8600171113
0.2182240758
0.1019147655
0.6148406234
0.3806388351
0.9576558662
0.9839911004
0.9691992038
0.2002027159
0.7291591073
0.0499088492
0.2438349234
0.9865063089
0.8229087120
0.7167241619
0.4012971296
0.2687236894
0.4595887318
0.1978429661
0.4740694013
0.5323243704
0.0473927705
0.8324795206
0.6644387820
0.9793645387
0.7136191629
0.2984529436
0.9754108653
0.0056148769
0.2276455012
0.9112252491
0.9219660272
0.6958060670
0.1560322786
0.6562160591
0.8299871277
0.7137669648
0.7430170865
0.2134524341
0.9253587452
0.7875880982
0.0907472096
0.7328316936
0.1544448835
0.1195997827
0.5780521443
0.8210755339
0.2737486488
0.1971580476
0.2358073880
0.8756132403
0.4697459436
0.9623736239
0.1775406215
0.8576640553
0.0020574247
0.4315630373
0.4282855894
0.1599948077
0.3676202086
0.0537325971
0.0375900266
0.4383428435
0.8747013696
0.5688664407
0.0071261155
0.4467862699
0.4780172917
0.1376550356
0.0795536355
0.9389536824
0.3709822450
0.5984593049
0.4256417716
0.3324152940
0.7424921753
0.7642585025
0.1379740909
0.7363201175
0.6593989614
0.1790123105
0.0536392332
0.4896027055
0.5434701328
0.6229884466
0.5291561846
0.4466227928
0.9207482988
0.5343950110
0.1579409666
0.9748379117
0.9216990715
0.8726055104
0.3423146381
0.5475023038
0.8376688678
0.8115609538
0.2558561129
0.7550187857
0.0704561898
0.6481077833
0.7493233052
0.8541380940
0.1835774933
0.4244537362
0.6087190296
0.1594497374
0.1349090662
0.3645923985
0.2776905663
0.7872074861
0.8919006146
0.7965358639
0.8611421239
0.3308682607
0.8086402424
0.7170570194
0.3155068978
0.8694496794
0.0778726762
0.6769406985
0.4830943923
0.7853169421
0.2999244055
0.1232139689
0.4536241207
0.1208714455
0.9531767752
0.6914551707
0.6496223633
0.3614365072
0.2561692815
0.9608657680
0.9920917357
0.2915111424
0.3927241425
0.8084743218
0.3341072625
0.6071858145
0.6914868172
0.2133388239
0.4857163152
0.3091926131
0.2121312300
0.4285723683
0.7577778959
0.6245065736
0.0419855290
0.6865713536
0.0397424420
0.1060387296
0.4039677586
0.6051123366
0.9057195001
0.3506617234
0.6074824965
0.3019054116
0.8086860160
0.6300225107
0.7139290799
0.8577195760
0.5475729846
0.4254459352
0.0638089424
0.7025107979
0.6089303861
0.8084648930
0.0007034270
0.7460694380
0.2444884923
0.2400741108
0.7107221223
0.9167944651
0.2773252605
0.4960102457
0.5477837014
0.6373513762
0.9480973503
0.0589856928
0.9505552633
0.7082975306
0.4017347315
0.7148139110
0.1214936194
0.4654225021
0.4648442581
0.9576454011
0.3871511929
0.0946295108
0.6565071313
0.4520242290
0.6835266842
0.9406921960
0.6618259558
0.1896694484
0.3621741366
0.7656380497
0.1938472564
0.2620730449
0.2117420528
0.3281120952
0.3060802271
0.3471823829
0.0201075868
0.7752878413
0.1489245956
0.5389953411
0.8850811084
0.5633423423
0.7822886447
0.6538067932
0.8751948145
0.6184140852
0.6666561318
0.3105392314
0.9651563793
0.6131704603
0.4338197893
0.0101762629
0.5637607402
0.7587470440
0.3869343397
0.4800125671
0.6898872016
0.9954818580
0.1458501978
0.5401102016
0.9506668295
0.9125137314
0.3975962170
0.1088556088
0.1076381168
0.5619519183
0.9608446559
0.1653234946
0.2741727610
0.8697145793
0.0184273065
0.8798219927
0.0922436882
0.5362377864
0.8705500151
0.2844406209
0.1756810906
0.1638980950
0.1245233276
0.8152695078
0.8693378079
0.7595946839
0.7348701159
0.1890819659
0.3123323093
0.5435429940
0.3093568345
0.5305616494
0.4766420439
0.3887232536
0.5145863488
0.9109964420
0.1080236169
0.2291961776
0.1646771303
0.7165944269
0.4790519772
0.0479585236
0.3407909522
0.4027197768
0.8786765872
0.9615203604
0.4506629895
0.8723774040
0.5041542408
0.7760429855
0.3163626258
0.9122733360
0.8503426806
0.0895170257
0.1321166148
0.3938663223
0.6482958396
0.7025982675
0.7039982438
0.2552306277
0.5579111299
0.0966593067
0.3526920577
0.9163427959
0.9554459032
0.5170702608
0.2610714332
0.8495462652
0.8840218317
0.5771455799
0.1826412942
0.8081294803
0.8452900493
0.9898113684
0.6791582026
0.1316055215
0.3229251504
0.5823885918
0.0360556200
0.2092566460
0.3169240406
0.6586523157
0.7487623272
0.1651770872
0.8503687057
0.1832656870
0.4224086119
0.3342173382
0.2335107131
0.7667939442
0.8646980892
0.8105529790
0.6178708035
0.9113616713
0.8267552335
0.7878766769
0.7532599679
0.6781061017
0.7136348861
0.2493279462
0.7298421604
0.5875832774
0.5243925875
0.0726370783
0.5650614150
0.8119178921
0.6369918009
0.3395325326
0.4648319661
0.4151354956
0.2595005671
0.0204292889
0.6262808153
0.9042344112
0.9986535051
0.3813398613
0.4490111505
0.4038218127
0.6874978791
0.3899872303
0.1001530301
0.4930073771
0.5685735698
0.1431508880
0.4675111061
0.1499857079
0.6471546521
0.6494417463
0.0364040907
0.0705342695
0.6922880772
0.9860793156
0.6602174500
0.6675270115
0.2762970613
0.5719047257
0.5537369405
0.3673160370
0.7529832106
0.7824703129
0.9766209955
0.2661918391
0.2762342524
0.0458376176
0.8882394022
0.0840831373
0.4015660970
0.5311105922
0.4826293539
0.5719713330
0.8178611483
0.5518060213
0.0485386705
0.4475118022
0.2003406413
0.0621262168
0.0983974156
0.9750676267
0.5567181683
0.5278121077
0.6808396337
0.3832025048
0.2846000423
0.2425286111
0.0957071951
0.3987558637
0.4872230209
0.1547717630
0.2487247447
0.8856829235
0.6925987955
0.0795734615
0.1984856235
0.7800418998
0.0915599702
0.1011853659
0.9227658592
0.6970902985
0.6269928337
0.9845642067
0.1396725024
0.9606858177
0.9802764297
0.5720736849
0.0360870549
0.2642552191
0.8503313700
0.3908964841
0.5172265922
0.1107167918
0.2932400993
0.9483607036
0.7180879106
0.4746708941
0.6562106595
0.1383561607
0.2137168101
0.1415825105
0.4098028739
0.0825419107
0.5794843726
0.0782636902
0.0528767216
0.0566886312
0.7975914380
0.1966369260
0.7624810092
0.1545186350
0.3513203913
0.3339120967
0.1958526823
0.9291453223
0.1580890362
0.1807060359
0.2085465578
0.8673859341
0.5922341432
0.8446829930
0.2368244655
0.7326500115
0.8283360869
0.7548745580
0.7044897942
0.2157521775
0.1432148271
0.5417090549
0.9283987963
0.1692066974
0.6370302054
0.4713260656
0.5274458331
0.0767715551
0.1524206958
0.6221630030
0.0665505758
0.2123163693
0.5385396079
0.2246825727
0.5767328575
0.6006703941
0.8071740037
0.1579431787
0.6711922878
0.1313846806
0.5645634560
0.3794616425
0.8761604647
0.1966453119
0.9016686099
0.8136198470
0.4543470579
0.5627609527
0.0417909413
0.0044708759
0.2139483192
0.7458213349
0.2383740574
0.0692558840
0.0732833628
0.2717429380
0.0817508693
0.7263764260
0.1484657642
0.5250972384
0.0208130227
0.9428531206
0.5183992028
0.0166265828
0.6294523558
0.9378971178
0.3645971651
0.3874373597
0.6542236179
0.2934769784
0.7535756023
0.6462705726
0.3786518905
0.4775312176
0.9660427334
0.7290283189
0.4463584457
0.4306889361
0.7358716066
0.1349042343
0.9312496738
0.3131545701
0.2700636521
0.1605844371
0.5960175758
0.6597886534
0.6537189235
0.2108219325
0.7003206356
0.0263861222
0.1387954545
0.9196983539
0.1889001456
0.4687161727
0.1058433682
0.7845357025
0.2999192368
0.4526788958
0.8929200771
0.7566164228
0.4018155605
0.8682949964
0.3145636200
0.6135786904
0.1204645686
0.0747495961
0.1694075114
0.9513888343
0.0298592624
0.9411883741
0.2809583611
0.6728063522
0.3074210036
0.1966264629
0.1010724971
0.1153281862
0.2743056280
0.7388854230
0.7300299986
0.1876198772
0.4992520591
0.0244534470
0.2690576413
0.9170845366
0.2764217534
0.2107061450
0.9914591022
0.4757858213
0.0417984802
0.5082421379
0.3002785186
0.5475599335
0.5777423490
0.6960707038
0.6859529360
0.1904628875
0.8498838745
0.7072125987
0.8941019090
0.0740722172
0.3584760023
0.1085702486
0.1191849685
0.8884134132
0.1415901503
0.8091334245
0.0328177765
0.4683955554
0.3266869839
0.0866060310
0.6696286332
0.4476804806
0.5251786985
0.4290551703
0.1561984037
0.6683911209
0.1244452251
0.6131785815
0.7112687674
0.1995067352
0.6843970415
0.3462792692
0.0642356469
0.9491492488
0.4468117310
0.0320288589
0.4734843944
0.7449590702
0.7462443225
0.8699900518
0.4900607920
0.6638133097
0.0348176314
0.0801080121
0.2323503905
0.6125155021
0.0969784219
0.2973025639
0.9487526745
0.9429014808
0.9367249579
0.2513168057
0.1317520867
0.1121394834
0.4260609594
0.5898506125
0.2459913223
0.4565077995
0.3813706841
0.2730417221
0.7695217186
0.5735727934
0.3980510229
0.8100713674
0.1467367650
0.8729305308
0.2001252229
0.5373724548
0.2945378771
0.1939738838
0.4630601293
0.1976754954
0.9659289004
0.3767742902
0.5938395254
0.7936285796
0.1856254248
0.7000318775
0.8619152143
0.1242127622
0.9944330694
0.3759706961
0.8160824081
0.2852897134
0.9663077315
0.5041219986
0.3778469169
0.1612154196
0.9237199818
0.4188280671
0.9576997886
0.9350170022
0.4004852776
0.0016763976
0.7815822688
0.9541030069
0.9543051680
0.4851095356
0.5054847837
0.4498731756
0.9370626258
0.7793551288
0.2273378724
0.7776340729
0.3697429571
0.3842702090
0.3402499435
0.9294926551
0.2264982478
0.2003735134
0.1456546375
0.0862623961
0.6124752279
0.3957467617
0.8335459101
0.3725081687
0.2076472044
0.2246725563
0.8567271865
0.9270759641
0.7573529211
0.6313291738
0.1042667251
0.8547083320
0.5532950496
0.1625640531
0.6246037314
0.6146402812
0.5205251326
0.1340236067
0.6522099071
0.2149605267
0.5521997370
0.7385934369
0.5815697608
0.3433318146
0.4948462963
0.4778923704
0.8755454825
0.3467107762
0.1253361793
0.1271596037
0.6451943067
0.9443842788
0.5254481200
0.8097031492
0.6932071348
0.9876121432
0.3135743276
0.4970762245
0.1537819965
0.0473260147
0.6266131342
0.4824990331
0.0603745436
0.0722344915
0.1522951356
0.1767022100
0.7605719400
0.7684857465
0.0364453334
0.2302764453
0.8256115421
0.3470934067
0.3765660084
0.8899264563
0.1939251425
0.9446828156
0.2063966021
0.7877749895
0.2714374382
0.2966830903
0.8244280354
0.5406638049
0.6555207634
0.7964893693
0.7686330144
0.7018596671
0.6528533779
0.2143637094
0.7033015758
0.4668301724
0.4153643941
0.8811838902
0.2597599621
0.4590997600
0.9952602458
0.0916864319
0.1649100477
0.8212782598
0.7761243426
0.1312331464
0.7125973279
0.6629366357
0.4225509664
0.1205350797
0.7166152712
0.1845732111
0.3591573801
0.8772269732
0.7759462533
0.3181186500
0.2377288187
0.1549117790
0.1480407335
0.3421371219
0.5424485433
0.9166021094
0.8390979109
0.7192498894
0.5551007020
0.6771030653
0.5446307876
0.1865388147
0.4443687794
0.9897971003
0.1992811019
0.7816814330
0.3557995345
0.4045814635
0.6306875352
0.3999782199
0.0435632423
0.9311033088
0.5055806803
0.9052617920
0.6778579077
0.8356896131
0.7506008959
0.2870779783
0.5501534804
0.2675782456
0.0817723451
0.7541030559
0.1331942013
0.7941347658
0.8017045747
0.4983310703
0.1954578705
0.7426824321
0.2466395191
0.6916817681
0.3429636198
0.9828557778
0.7347913370
0.8071709483
0.7792528652
0.5636118585
0.9276255578
0.8265994703
0.9816528226
0.5856929488
0.0174756625
0.8644923529
0.4339656022
0.6567270454
0.0206739341
0.7286766713
0.4943971784
0.1146680393
0.6058612508
0.2314421643
0.3132054951
0.3845695068
0.1413129860
0.9711453816
0.0754091017
0.3868067092
0.9185182485
0.6149445950
0.0817412495
0.5271388787
0.8954107340
0.4042765552
0.0661317796
0.5821518031
0.6384316434
0.8622937517
0.1513110918
0.1417028173
0.3979865179
0.7698131777
0.8907702517
0.7005813300
0.1647380536
0.7617419479
0.7957448080
0.6097012635
0.6872894535
0.5878845732
0.8986079286
0.4497224404
0.6693693705
0.6854045877
0.7790672688
0.2135564704
0.3296682198
0.5802102765
0.6247388180
0.2910544779
0.5035903470
0.3082616473
0.5829773047
0.8144180125
0.9410142206
0.6608349187
0.5552775603
0.5762970095
0.3333177617
0.6578599665
0.7450347784
0.6636855956
0.3552686293
0.4539522405
0.0583041203
0.4928475336
0.3245157451
0.2007929848
0.9555684805
0.0466829591
0.9911403076
0.4687405423
0.3221314924
0.9988172917
0.3545487622
0.0123911667
0.9224645166
0.0635753016
0.5307342851
0.8658431390
0.4553706209
0.8589714122
0.1519260573
0.1954266167
0.5043622180
0.9616979044
0.8021179019
0.5414838631
0.2185615975
0.9239869921
0.2867712214
0.8883064913
0.6896777913
0.3334928337
0.3184502828
0.1512711430
0.1046020956
0.9623518811
0.1449519748
0.7643751020
0.3732449989
0.9118494861
0.4027290933
0.9969978993
0.3495261656
0.8302360493
0.1256814674
0.8104741730
0.7633540472
0.9524167703
0.9672859565
0.8651148856
0.2495199648
0.2759653386
0.4555210621
0.8524083655
0.1187672943
0.1169338874
0.2609961058
0.5585570003
0.5519735563
0.1193065139
0.7263288887
0.9593110464
0.2243609679
0.1552054911
0.0784893113
0.0224879886
0.7145464717
0.2947690457
0.6440151880
0.6335250634
0.3212967251
0.8909062541
0.5989866890
0.5776319991
0.9945282687
0.8391298164
0.9338101170
0.5294324398
0.9823092358
0.2149659274
0.9771445552
0.1043652996
0.7882735840
0.3210351156
0.1242350455
0.8917594232
0.1568602143
0.6538242859
0.6277251170
0.7191866795
0.6910906737
0.7472765041
0.8280124619
0.4898958132
0.9667403163
0.9516098487
0.6017766796
0.5240757909
0.3543066325
0.5547409831
0.9908841896
0.1576914318
0.9750161730
0.1530986522
0.1081852267
0.1841982400
0.3081860970
0.8939082313
0.9917305801
0.4448484679
0.2175969155
0.0258506118
0.2452917271
0.6318877668
0.7930755429
0.7201737999
0.8284324026
0.8182986824
0.7440299851
0.9886408367
0.5362806175
0.0983161294
0.8884460635
0.5198418167
0.9800256866
0.5573496984
0.0801568411
0.0169419664
0.8851111013
0.3214755058
0.0221926974
0.4177113144
0.8030916567
0.4900978009
0.3331324603
0.8992649195
0.4570732680
0.2260638360
0.3496095763
0.1015318006
0.9934491926
0.7432531260
0.4123469414
0.5678193417
0.0017959976
0.5095383777
0.5219562212
0.5744779257
0.4953833344
0.3174470958
0.5430534167
0.1863312415
0.7890400792
0.2477123654
0.8408403854
0.8361177858
0.7468887297
0.7590626927
0.8072636255
0.5002638094
0.3117520959
0.7398728258
0.5782097877
0.4964239037
0.0176394504
0.8032983830
0.6476715259
0.0741914743
0.8690022667
0.3372298381
0.9013645812
0.6635984788
0.7351770505
0.7126883330
0.5480075970
0.2212519931
0.3744629357
0.9367909407
0.6410426755
0.5981326509
0.9045060028
0.1402731183
0.3903960122
0.0711213824
0.7444901127
0.8611656031
0.0963856671
0.2120644127
0.5580331912
0.8438503611
