0.9898229232
0.0502976311
0.5671573630
0.3892912843
0.3180319815
0.2716945924
0.9837028459
0.1102479933
0.9823183746
0.1129356033
0.2978840389
0.8586824381
0.4832059757
0.1153550981
0.3147421771
0.3814314525
0.2154449090
0.8602476637
0.0298331818
0.1981701461
0.3778999686
0.0904463225
0.0039731091
0.9801618304
0.1958983562
0.0558378014
0.6959406735
0.5181897460
0.5714956699
0.4977893853
0.5136292176
0.5052201397
0.8064192572
0.1461402686
0.2295568760
0.9802686181
0.3374454886
0.3911432961
0.1369336219
0.0129042581
0.0208091176
0.6375038091
0.7598924727
0.6899342267
0.2850982068
0.1094767122
0.9772044099
0.9686553769
0.4704492839
0.4381160407
0.0309315370
0.0132060655
0.0232834835
0.5900913494
0.0283067979
0.6102445604
0.1126321017
0.1983012354
0.6613756168
0.0758315389
0.7363948999
0.9123017705
0.1247851425
0.3197144865
0.0782032520
0.9579449613
0.6638439214
0.4094337156
0.9611448182
0.3662094810
0.8874129182
0.3866360318
0.9214127353
0.7250335410
0.8635268953
0.6096715473
0.9260112128
0.3225708869
0.5005062521
0.5161985562
0.9968988955
0.7297133760
0.8362722352
0.7583168300
0.0782017192
0.8885993518
0.8241031320
0.6228034867
0.9144655385
0.6643830606
0.3018450692
0.0410468685
0.0590101623
0.1157601156
0.6433818408
0.6904364359
0.1692779307
0.4525952374
0.2681204545
0.4285166542
0.9419456927
0.0851531546
0.8154983354
0.5245981830
0.9862903294
0.3796943197
0.7648435365
0.0381046670
0.5188052960
0.6468678228
0.0586398231
0.1374961382
0.5616014478
0.1153954700
0.5786856028
0.6747346032
0.2846667436
0.1790464934
0.2464838980
0.8619433565
0.8669505446
0.4851916114
0.6713464077
0.2332710658
0.5933224954
0.0681621616
0.4184825923
0.9231388107
0.9731235597
0.7768501606
0.9453485443
0.4064761731
0.3296015703
0.2402084954
0.6853829395
0.1035799439
0.1443823679
0.2588080812
0.0012526155
0.8201775119
0.4204184088
0.0318928384
0.4213612074
0.4484689905
0.8980898541
0.0630210282
0.6377688328
0.8074548331
0.2022012392
0.8663460020
0.0964690500
0.7890605818
0.0542814660
0.2983095862
0.8239688414
0.3876074022
0.6127869035
0.2104612555
0.4338030606
0.6365196542
0.8058915108
0.9981334646
0.5394492402
0.9238641636
0.6143981422
0.5410362751
0.2120292853
0.8486156579
0.9879657776
0.3359485359
0.2857254163
0.9611410476
0.0865545880
0.7624600610
0.2908764327
0.2449622101
0.7982753336
0.3443401543
0.8037543648
0.6990973210
0.0272264314
0.7747199794
0.7385177811
0.7608200546
0.7899582963
0.6605986570
0.6668413809
0.8738162747
0.3564722141
0.4653084715
0.6216905230
0.6043511996
0.8207111698
0.6961080604
0.2074190795
0.7700627109
0.0284354272
0.6644396759
0.1303543813
0.6469599350
0.2928520539
0.7912182802
0.0653086711
0.4643236867
0.1185270650
0.3189094226
0.5295477351
0.0750778400
0.7036499349
0.8095928941
0.8795944847
0.9966215481
0.0485352744
0.3206262213
0.2630174551
0.9636034676
0.9166511551
0.6618927829
0.3904927252
0.9563177606
0.1602098565
0.5211678632
0.5114039381
0.9460349112
0.8482450543
0.9797183229
0.5288830858
0.5748634095
0.7735161397
0.6565288088
0.8682008101
0.0335443647
0.4115380849
0.7010870448
0.4792243624
0.9047681700
0.1002970068
0.8926596844
0.0485698102
0.7824792460
0.0134844945
0.2399501826
0.7153074477
0.1120928115
0.8033696687
0.8572670923
0.5182028734
0.2192833247
0.9312189626
0.4946338298
0.0988601053
0.4985154810
0.3471123212
0.3245901700
0.3182013536
0.5245691505
0.0363412293
0.8963981727
0.4195589601
0.7077229231
0.9950174017
0.0565622467
0.5783886644
0.2971526888
0.5657088098
0.5363332218
0.4618801963
0.6771907005
0.8623413211
0.3432779327
0.3914165922
0.1454073409
0.5491472728
0.0246305812
0.5558945064
0.0665736538
0.9356089728
0.1186709125
0.9179891757
0.9542645477
0.3294668340
0.8383133737
0.7222916454
0.1136551683
0.4272292967
0.4697538561
0.2948476812
0.6213697499
0.4005147095
0.2732907101
0.0313839787
0.1277359731
0.2122888779
0.0901257845
0.2803840923
0.3596763151
0.3069329554
0.6693810817
0.4019524170
0.9281395896
0.7446772755
0.5544765092
0.1622704018
0.1030784547
0.5094455540
0.9302994224
0.8420320385
0.4453421146
0.0558021090
0.7708500193
0.5082031431
0.8156457688
0.4081534187
0.0142677559
0.7342735089
0.9411640709
0.2441646808
0.2675902501
0.3944938013
0.2858690172
0.3370307134
0.8872789346
0.6081430767
0.6266554853
0.8348894144
0.7702391738
0.4455137361
0.0109693073
0.8171961837
0.4233862324
0.0096669820
0.2590761445
0.5903670281
0.4801723494
0.1403672342
0.3376722704
0.6734955112
0.8142186220
0.1188749334
0.0740300320
0.5989182941
0.2133924069
0.7418624821
0.3624062442
0.2544117894
0.0373608437
0.4760341258
0.4127633207
0.8379773393
0.3709592760
0.3016984569
0.2658185781
0.2425494488
0.7402452952
0.3339225604
0.9742959053
0.4357692876
0.1042483373
0.8743126050
0.4499295254
0.5181067752
0.8775113779
0.6303037850
0.0183252471
0.3219720661
0.0591905672
0.1549158930
0.5336805756
0.3075979866
0.6420738726
0.8950632854
0.7614121702
0.6014478411
0.0724985742
0.7014481633
0.2901843800
0.2340153754
0.4858902712
0.4098516134
0.7354738976
0.1326128207
0.4886359043
0.9767672411
0.7357757731
0.8431957412
0.9834231446
0.0073316796
0.7483840145
0.2744198108
0.6934467006
0.6754825237
0.6154567696
0.1786218350
0.9041184607
0.9375187847
0.6913200633
0.9259122950
0.3928106252
0.9187401140
0.7351843249
0.2841012509
0.7721611767
0.2692880978
0.3858977622
0.5434850070
0.2037859073
0.4061563809
0.7223739585
0.8171616384
0.9541282817
0.0015262882
0.0362481305
0.1092737597
0.6757705425
0.7680988351
0.0253627778
0.8587590538
0.8979930233
0.5710023940
0.4079601791
0.4023426592
0.5134412392
0.3509957742
0.8345864416
0.5581111934
0.4359428796
0.3140297003
0.4556892441
0.1491081898
0.7626890285
0.6357966617
0.4758521314
0.5713046295
0.5674284727
0.8935127274
0.0489584924
0.0804425880
0.3436251408
0.8686401097
0.0808321425
0.6804649933
0.8757045713
0.1904733580
0.2366356972
0.6574662212
0.7828759458
0.5434964594
0.9768875368
0.8830624193
0.3253604123
0.3217931795
0.2834641524
0.6449451110
0.3345872310
0.4695321286
0.6377454634
0.4339136896
0.0836200087
0.9790910818
0.3300821467
0.2877063983
0.5981017495
0.7381621264
0.9176275848
0.8367091670
0.9496112240
0.7407233307
0.3324788150
0.2246317030
0.1583739769
0.6484262825
0.3921048115
0.1300906455
0.8806674741
0.6644981654
0.5474843502
0.2320376057
0.7325550917
0.2150889413
0.0531178870
0.8222088588
0.3919228812
0.9506602200
0.0861078026
0.9689464557
0.3081054497
0.5835661192
0.8148475528
0.8546798605
0.5952820765
0.9357318353
0.1197626987
0.3311978617
0.2382490163
0.5064900265
0.3333355183
0.0677087865
0.2261230451
0.5281167014
0.7434567985
0.3899743169
0.2977596093
0.6453823158
0.2926557828
0.7077263128
0.5455376493
0.3708299008
0.6831852519
0.6406545448
0.6516291707
0.6761552154
0.2460777583
0.6984010762
0.5499716733
0.9468958277
0.3698912971
0.2213927876
0.9939074271
0.9814250539
0.5089512807
0.7707981616
0.2366328820
0.5812283132
0.4865603335
0.9008011978
0.2062497148
0.8263885572
0.9481971333
0.8196815656
0.9834301913
0.9808409650
0.4782923637
0.7332545074
0.5121827848
0.1378862787
0.0026618094
0.1334383932
0.0542775910
0.1517225575
0.1776380329
0.8745951985
0.2227787920
0.0218749628
0.4015774587
0.3955347213
0.3112225498
0.5978284770
0.4935831516
0.3364562433
0.3693062318
0.2334411498
0.2301274804
0.6864977260
0.8851544659
0.6649246785
0.6933894899
0.3143933835
0.0784485148
0.2869483924
0.8679355137
0.4347422500
0.5728118513
0.9529331447
0.1118664764
0.7786086778
0.5201497601
0.1868879706
0.9960169235
0.4932771694
0.9256249308
0.0122466046
0.4903039998
0.5940117630
0.5728179742
0.4359306884
0.2904362651
0.6953533331
0.2472321909
0.2607828049
0.1336252305
0.6986395840
0.8398546438
0.8296666295
0.2571813323
0.6589173590
0.4556240268
0.0613885200
0.0974460798
0.9405499351
0.7962995442
0.8706959917
0.7604842468
0.7928784583
0.3197866664
0.3482236905
0.9882896367
0.4200981683
0.0737486760
0.1238785843
0.7790034796
0.9828897585
0.7395872116
0.0901150658
0.2379106217
0.2753583197
0.3443860880
0.1098820259
0.0910785334
0.7883291495
0.5942138637
0.4566619403
0.3486654247
0.0759989841
0.3463200986
0.4820684659
0.7737607607
0.0049387220
0.8640472638
0.6550279028
0.7377406581
0.8956604337
0.6519504376
0.9409801645
0.8647042009
0.0598747769
0.8078659667
0.9301972407
0.1839745896
0.9658616158
0.0536563002
0.0375128248
0.4589980385
0.3094535720
0.3783540953
0.7309700318
0.0002351698
0.5359369068
0.7765058840
0.4858141812
0.8383248520
0.1068561619
0.6940301232
0.8918194548
0.7304979597
0.6604129067
0.9571248072
0.3773715911
0.3263011925
0.2398351725
0.7984412051
0.5175998413
0.2536919470
0.6050118080
0.1575631173
0.7924221561
0.7638974016
0.1030106463
0.0717185381
0.6287109661
0.5166763283
0.5416997711
0.9658744533
0.9977619768
0.8102680943
0.8534652541
0.5914037170
0.8893341231
0.9847906105
0.2386878025
0.0362447885
0.5478663414
0.0856517444
0.6067827112
0.9820176568
0.8335508222
0.7217001195
0.2013093049
0.0300230049
0.7682235619
0.3891585595
0.1671852931
0.0917077567
0.4609381711
0.6449673645
0.3386557889
0.4801930488
0.4045354710
0.8132828638
0.5061844389
0.7935768650
0.6343360437
0.2190407259
0.4578692057
0.9523751761
0.5623589342
0.2619101781
0.4827161101
0.5809938986
0.8593183948
0.4347422858
0.6474368728
0.7164813692
0.3934018498
0.1919729657
0.8428759972
0.9579937762
0.5211614891
0.1719884137
0.5580399934
0.9347368675
0.4385979727
0.0782113658
0.8176745155
0.4221967423
0.5441641769
0.4687748066
0.8806830156
0.2967429634
0.8699934427
0.8421629620
0.9486559253
0.9267494398
0.9489299455
0.9241085558
0.8003831631
0.3363739686
0.3558327680
0.1810034748
0.3973357141
0.2734337444
0.5691227616
0.2130722024
0.6820275843
0.3256031501
0.2255117255
0.9201876129
0.0252561330
0.3884101053
0.0372120698
0.7308015386
0.6058061492
0.5838881272
0.5812928170
0.7167601580
0.5252464659
0.3813134787
0.6583564773
0.9514262238
0.2205534413
0.8736932719
0.6136086377
0.7101448473
0.8780530985
0.6946319701
0.5806793999
0.1430391261
0.5360196967
0.7480919822
0.7101169926
0.9687626719
0.0987597212
0.9019985339
0.4930221010
0.3100999287
0.0052030346
0.3414249367
0.7727773318
0.2268540109
0.5519253866
0.4251540984
0.7570567959
0.0067865865
0.9825610035
0.0499379526
0.2489070314
0.2661496242
0.4485673493
0.8984263255
0.6530039225
0.5732832328
0.5588498818
0.6240569890
0.6516881693
0.4782167087
0.5036451884
0.7730421702
0.8227015722
0.5678403580
0.8390474066
0.9375663820
0.4747771664
0.7444604543
0.3209268600
0.0884622282
0.3225305156
0.1612656129
0.2855085783
0.5806174822
0.2957671405
0.8828703818
0.8946382336
0.1591580837
0.0962311574
0.0316550013
0.0110486976
0.4501840160
0.1531722321
0.1990253006
0.3295510603
0.2228033563
0.5310790055
0.6482152727
0.3561257709
0.4533673307
0.6510336391
0.2367020955
0.0095662283
0.9615503568
0.8268125453
0.3583228091
0.0960868630
0.2109652779
0.3583091946
0.4367221820
0.2494764460
0.7086095330
0.9976573511
0.3715621081
0.1145192118
0.3107883800
0.0126488021
0.0703148836
0.6627019444
0.5718172138
0.1638381423
0.5558553995
0.0088157051
0.8346582565
0.1199343312
0.0074735173
0.0515991151
0.3854078037
0.4454586570
0.3138815403
0.6501269888
0.4468727368
0.6564192552
0.6335317208
0.6457878164
0.3429302041
0.9474603909
0.9138201702
0.4943220590
0.9791711229
0.1950632161
0.9884699889
0.3134344497
0.1370311095
0.3857283181
0.8159251247
0.3445323143
0.1254216091
0.2407085615
0.4946132193
0.1872174128
0.2011381297
0.6138107790
0.1170851040
0.7544146891
0.8208070058
0.6328752442
0.1429061580
0.6676290594
0.5396985978
0.4210972737
0.3172497534
0.9713814832
0.9049202604
0.6773766222
0.4253312987
0.4499526803
0.6040787518
0.2434029374
0.1568407660
0.0954074228
0.5638876135
0.1619342161
0.7654657555
0.6367543317
0.3050286532
0.5772926538
0.0325094382
0.9724453028
0.4361980881
0.0267654457
0.5345379583
0.4451908424
0.2300500741
0.5719154042
0.1856835240
0.3139480201
0.3357334537
0.0520329198
0.8385703585
0.4802383162
0.4777783900
0.4687477585
0.6324604809
0.5772352570
0.9281954505
0.0672182195
0.6195389306
0.2964927816
0.5339914838
0.5802995224
0.5428720191
0.7847407559
0.0501242479
0.3844017652
0.9269143026
0.4027681415
0.6438345905
0.9403308954
0.8590116492
0.8988088280
0.7177527406
0.6535943537
0.6483419634
0.2035023649
0.2161172398
0.4006440297
0.2445462048
0.4308660402
0.6141765105
0.3162030271
0.3102411038
0.3472720698
0.8464014070
0.1277079327
0.4789209492
0.8902181332
0.3188609587
0.0072784487
0.1041440006
0.4365641263
0.7411723524
0.4260761579
0.7709742336
0.5070075326
0.4698438312
0.8249131329
0.1370075803
0.1854980593
0.6510625791
0.4076136858
0.2155887070
0.8345767814
0.8625537854
0.6760812874
0.8978086034
0.1263556544
0.1054357653
0.5466965684
0.3864828661
0.5173692303
0.8287200822
0.5744041775
0.6978111520
0.3255087635
0.1279128967
0.1135800460
0.1138573748
0.3226941285
0.4230521241
0.2684996535
0.6095113006
0.0604362592
0.5579839126
0.4447195198
0.9481422809
0.1291749439
0.7299009718
0.2987074587
0.6993741931
0.8574122345
0.8325005233
0.6542076691
0.3343500879
0.9193025334
0.2423138250
0.6297684049
0.8048043583
0.5701982855
0.7351318927
0.5625888950
0.5652261693
0.4389901672
0.4021267706
0.0982386242
0.1629173498
