0.0000000000
0.0000000000
0.0000000000
0.0000000000
0.0000000041
0.0000693316
0.1652565820
0.4673742380
0.1588173124
0.2425696554
0.8681989067
0.8190250322
0.3537165241
0.9136205195
0.2200717392
0.7457208728
0.3307083553
0.2153275521
0.0101679098
0.8920596314
0.8462254059
0.5103976051
0.2525491937
0.5942990364
0.3839043203
0.2799116946
0.4758516386
0.6384895353
0.0936192339
0.4584638430
0.4018085061
0.1955616346
0.8043923627
0.4224401292
0.9512511212
0.6775942708
0.3269085784
0.3524772478
0.0851033413
0.3318567376
0.5161890564
0.5894706339
0.2329437947
0.0863580842
0.4203206564
0.3292723190
0.0798660907
0.3093860706
0.8516882467
0.3243626420
0.5629233586
0.0528886733
0.8999324366
0.1644611397
0.0983753760
0.3949440399
0.8244783888
0.0082800640
0.1630350272
0.1297028927
0.9165174464
0.9087221074
0.8924586625
0.5527401530
0.9037510937
0.3446315856
0.2230589674
0.9520655365
0.3654727684
0.5008193285
0.2704533580
0.5095879850
0.6452645678
0.9615905443
0.4522779410
0.4353548103
0.0082975434
0.4568125941
0.6492683275
0.2527809236
0.4889829843
0.3370164380
0.2352728183
0.2302569808
0.9290770508
0.9979927254
0.2637365059
0.6194551115
0.1820592106
0.8691522513
0.8418884316
0.6188706536
0.3590755428
0.9826476156
0.3584750376
0.8899565019
0.4989275850
0.4759213094
0.8094473022
0.3808079899
0.2398857667
0.7600816729
0.6926755987
0.7987873199
0.2184857185
0.0894701292
0.7244619671
0.0322802172
0.5336105680
0.3928158937
0.0567255105
0.3856552218
0.7073123813
0.7991931785
0.0397505693
0.0878176459
0.9511750619
0.3992654434
0.4543072050
0.5411948078
0.8611344875
0.0873306065
0.7655040398
0.8263962211
0.2412873851
0.3170813857
0.1868494094
0.3780237469
0.4451141601
0.0336889268
0.2097931668
0.9937537527
0.0193217927
0.7413698144
0.2024709090
0.9285679903
0.4422135571
0.2832543871
0.6564846240
0.5370763614
0.6424062113
0.9211935725
0.5003736734
0.7803285251
0.9815214018
0.4302005596
0.3808057810
0.2027605282
0.7961968154
0.6798771203
0.6947613305
0.8536822024
0.8367758945
0.6924591795
0.1614292572
0.1415250677
0.6118127467
0.7368336402
0.9629904778
0.9809600156
0.9949820608
0.6634956912
0.3720813897
0.5719171319
0.2112366697
0.2547070097
0.8607118445
0.9839701456
0.5862373476
0.8911017142
0.7465102246
0.5973445118
0.5692103827
0.7189021649
0.5886849722
0.0283269677
0.0913454837
0.2435451942
0.2640788351
0.3729811224
0.6937234391
0.4098409290
0.1964945422
0.4837709829
0.7389089991
0.8435482159
0.5148641452
0.3216881846
0.6133190690
0.0535924806
0.7288213931
0.3011545842
0.5050958415
0.1458085606
0.6044772758
0.4495736718
0.9847023254
0.8919822139
0.5450690161
0.9749527545
0.0309445849
0.0856388067
0.3314240603
0.2441821998
0.9702320766
0.6905119883
0.4349868414
0.8238429589
0.3286101554
0.9508816327
0.4676010205
0.9703507491
0.6850405488
0.4765031270
0.5880554563
0.4480540275
0.4440408434
0.9944556339
0.8158389294
0.8048871783
0.7388065042
0.1209154275
0.2255893994
0.4810354475
0.7627658339
0.8053698064
0.8503363737
0.6034334127
0.9053669168
0.5017709399
0.2641867818
0.1872411288
0.9616525125
0.4937770437
0.9107742821
0.3833600629
0.1325764060
0.2116550334
0.2861469280
0.2714193985
0.7458301426
0.1672071123
0.2499368252
0.6882207568
0.9262594426
0.6424519785
0.6904032613
0.6076119189
0.1335207339
0.0829742590
0.5483717566
0.4841126065
0.4805780605
0.0754634539
0.3142695159
0.9277531331
0.7469086910
0.2943696639
0.4709405069
0.0970991823
0.9459562201
0.6861907190
0.8074149544
0.2231378620
0.2780470474
0.1367262341
0.9578168860
0.0284029409
0.3682274111
0.7980979903
0.6329224953
0.5283779977
0.4490079418
0.4764777421
0.1614107192
0.8299573075
0.0924679865
0.1094485229
0.5013246946
0.7641420258
0.9350281130
0.0174950445
0.0392127933
0.0494177132
0.5635064732
0.8532942441
0.3163605912
0.0724556029
0.7613174585
0.4625243564
0.6468581829
0.7454795874
0.2754262097
0.0883058637
0.1566507115
0.8285074845
0.7252923110
0.9878715372
0.1569256676
0.4496948252
0.0209279470
0.7360043941
0.0258508016
0.4744226148
0.6208873251
0.2532730285
0.7597892512
0.7779447485
0.9173882249
0.5438956576
0.2543178207
0.3196125478
0.7280900890
0.0101263493
0.1935521397
0.0308121897
0.8604727694
0.9658348834
0.7868847119
0.1713525399
0.9221376539
0.3675499371
0.4117920495
0.9889759841
0.7193644632
0.3585332916
0.8690312606
0.8083962918
0.7164762497
0.8163290889
0.0429976871
0.6621274731
0.3764407297
0.8393445989
0.8646733659
0.5652608967
0.3398916313
0.5586469673
0.1795790880
0.1857325137
0.6063585864
0.0687619093
0.6814089658
0.4404875054
0.2735037381
0.7773262599
0.5224505569
0.8265090869
0.1382231998
0.1173196329
0.7910703654
0.5196313421
0.4439662655
0.7410234654
0.3813837656
0.9169478803
0.1430244518
0.8119607641
0.6245614037
0.0035113689
0.0155774376
0.8099944132
0.5761030248
0.5635373697
0.3725717655
0.8136621332
0.2194732713
0.6872711029
0.9654261186
0.9167756128
0.2477246908
0.5088775052
0.7042305878
0.0034890118
0.6398207317
0.4670382245
0.5114388956
0.7535191718
0.3967199941
0.6729409210
0.1180592849
0.2224020443
0.9111578153
0.8294023575
0.7654217726
0.4437321085
0.8055482364
0.8492094495
0.6632176073
0.6983254273
0.7554562456
0.9531190073
0.0711559866
0.9186664444
0.0269318523
0.6436421182
0.6930798766
0.5934855603
0.7118114871
0.4156642896
0.0697158569
0.7144064281
0.0288366643
0.6578164508
0.9210880982
0.7276669185
0.8978984897
0.9799162381
0.4522145017
0.3691303728
0.9741762550
0.9803184211
0.2117028851
0.0903896467
0.1787922386
0.9611544096
0.1221621270
0.1788686866
0.2460151981
0.7774346259
0.3437572306
0.5277741321
0.2998378344
0.3744823753
0.9252824672
0.2224260043
0.3138538625
0.9418674531
0.9662837916
0.3316857833
0.6429596567
0.2229498524
0.1181700256
0.0836202663
0.4058155639
0.5421832525
0.4739239365
0.2396012171
0.9776563287
0.4699162138
0.8818053783
0.5029924993
0.7949349449
0.4716187582
0.4964690453
0.1552449822
0.2024164616
0.0134697649
0.3863384983
0.1911417311
0.5190751365
0.0958193041
0.4350433541
0.7736521103
0.7710177168
0.4947659898
0.5319897960
0.1525018001
0.0977545302
0.9603883124
0.2463661688
0.6761994625
0.8843665811
0.5491279124
0.1928242635
0.7973958155
0.8314718110
0.5467274524
0.8482918419
0.2409873115
0.2737444564
0.8230788227
0.4857729947
0.3867225976
0.6466978336
0.0504888995
0.5669341267
0.4618678665
0.6132330205
0.6073762931
0.1733583236
0.6333448434
0.6267832663
0.3463572572
0.2264221986
0.4778912994
0.9190687568
0.7885960886
0.9344617653
0.4988886601
0.8217100894
0.4814725794
0.1096427959
0.7664713967
0.0847645028
0.6369991473
0.0446689665
0.7513199036
0.4336193251
0.8399976157
0.8399265314
0.6452137772
0.1079536526
0.3770398756
0.9091894401
0.7469198165
0.4813561776
0.1532765902
0.1196521713
0.9940437978
0.8941099114
0.3052803315
0.8465318047
0.6600409640
0.3084826586
0.6680438395
0.8128100584
0.8986508561
0.6249378803
0.3309548204
0.3576661939
0.2957203901
0.1725963236
0.8264101734
0.4757849740
0.5180577077
0.9958930310
0.9741719767
0.9084125529
0.6897770997
0.0837141508
0.9837330373
0.6011577342
0.6580393953
0.6681159728
0.0251548888
0.7782159306
0.4751449217
0.7606983664
0.0574437138
0.4564982183
0.3655544940
0.8743812512
0.7256896539
0.6660125162
0.6723600218
0.3548857093
0.5641163880
0.1041336574
0.1743793794
0.7942294838
0.6149334729
0.1868788957
0.8736002095
0.5987219048
0.7190541185
0.1425691573
0.1598260520
0.1964567189
0.8480741399
0.5820695580
0.8430620026
0.3430780804
0.1132972975
0.1876782900
0.3090207015
0.7109301160
0.6024604047
0.5520216086
0.8271762600
0.3514019040
0.0118000287
0.3230816773
0.0337507172
0.2483034524
0.2361251111
0.5547421369
0.5510951100
0.2555139165
0.4223952739
0.1973692544
0.1850587657
0.2826754615
0.9264822585
0.3873186746
0.6649642111
0.0534955738
0.1001090713
0.5331613608
0.8429913938
0.1563559269
0.8740635578
0.3862166080
0.1425308802
0.5165032683
0.8704297077
0.3120973294
0.4198155126
0.8393197642
0.4472775630
0.3940005567
0.9673563193
0.3576581495
0.1605188829
0.8408644559
0.4089106426
0.5611696986
0.5791244528
0.3446788400
0.0172643675
0.1622251224
0.5176314636
0.8320093000
0.5803053633
0.1922407298
0.9899465124
0.0310343551
0.5944062722
0.1862163958
0.7389649907
0.7845985595
0.7479893072
0.4562860641
0.7998792479
0.5705194247
0.7199707545
0.5484708342
0.1493096276
0.4469102954
0.2213354191
0.9843894486
0.6334632973
0.6176384470
0.6493795255
0.1216845180
0.1516933814
0.5106619369
0.6951731507
0.7751430451
0.8291582206
0.6622128982
0.8121804660
0.3170913342
0.3540540411
0.5862687082
0.4181783348
0.3232728987
0.2476091427
0.5668607030
0.2278353109
0.2280701406
0.1748534949
0.7626894101
0.5209158668
0.0329735788
0.1869385317
0.8759016756
0.2794612826
0.9057764082
0.3840932105
0.4545882584
0.2648596493
0.4961254455
0.3803617880
0.7405706975
0.7717121206
0.1656101016
0.4089770414
0.6771346259
0.6016580905
0.0675268465
0.9237099126
0.7925010195
0.5646355053
0.8289378220
0.9579738633
0.6667198318
0.5602138226
0.5137170171
0.0419068836
0.3289933481
0.3912008948
0.9134388298
0.1664123666
0.8926459992
0.7013090495
0.9011954624
0.3921367240
0.6419199684
0.7489085767
0.9064487940
0.6848812704
0.7995110095
0.3815363072
0.4807156692
0.3882524208
0.3584368994
0.2489680550
0.4061011563
0.3421346500
0.2570622980
0.4460425470
0.6370869531
0.5204200373
0.6995661407
0.6081275559
0.7998325712
0.7860248368
0.7194323252
0.4990896494
0.1997373713
0.9859999492
0.7011461505
0.1633506336
0.4340988853
0.8999644297
0.7021697607
0.3671679231
0.9912832846
0.4981643346
0.6479717374
0.4609904262
0.8660934751
0.4330359499
0.0352091558
0.7602817559
0.0554708095
0.2978945756
0.7141325474
0.4257234673
0.1343155152
0.4408638022
0.5979242544
0.3129443577
0.6558196510
0.3608743171
0.2146479768
0.5885457223
0.6879548183
0.4566308431
0.5945806434
0.1168738589
0.2989457729
0.3816046182
0.6288176253
0.5378284956
0.2835255524
0.2139595715
0.0185186981
0.2437590358
0.8581139085
0.3204603982
0.9779127830
0.7801433163
0.8687170562
0.5275634182
0.7583695484
0.9169991809
0.0052330521
0.9519059818
0.6838358231
0.2286782125
0.3947180953
0.0270272959
0.2477630095
0.1529006268
0.8008343571
0.6230397651
0.4293323601
0.7889757642
0.3156694386
0.4562550789
0.2791115369
0.0276009148
0.8885752150
0.2836380375
0.1044962288
0.2681176619
0.2535429644
0.2966025838
0.9996264681
0.7220493460
0.4833581271
0.8000413330
0.2946829040
0.7355680269
0.6918286510
0.5641379994
0.4673554546
0.8431256824
0.4133438593
0.0702439225
0.5896049169
0.4898389113
0.7225824929
0.4439582018
0.6054980199
0.6052206368
0.9432431155
0.0870427826
0.9280477024
0.6977350008
0.8321580898
0.0810152391
0.6231229306
0.8270946395
0.9796056835
0.2327218978
0.3569355050
0.0150317673
0.6389129419
0.2098150627
0.3617583176
0.0720435780
0.8364158259
0.6407866535
0.7012846579
0.4912454715
0.3626395495
0.8829083569
0.0407536520
0.9466299909
0.0102572137
0.3929909447
0.9988073938
0.9558669233
0.2553798096
0.1684596255
0.3009262537
0.6675453675
0.4349918880
0.9086612357
0.8693888250
0.8179825171
0.8321652738
0.2017565508
0.9223490368
0.9202617808
0.8397500911
0.6797819213
0.0947511174
0.4820293804
0.4677958927
0.2455688879
0.2762988252
0.7543544406
0.4350839737
0.4563453223
0.7958325502
0.5576704197
0.7667435905
0.6595259434
0.6525309776
0.0881402757
0.3736133694
0.3198991355
0.5447703509
0.9552868013
0.5052694225
0.0631845526
0.9427763530
0.2421651400
0.0695084996
0.2293525683
0.7286146320
0.8261204336
0.6061270404
0.1771672984
0.6507834276
0.7170678028
0.7585620445
0.1522822922
0.4084852607
0.4117766126
0.7295278077
0.1738643605
0.1383071516
0.5282966145
0.0812002347
0.7323448780
0.5203645503
0.7669976248
0.9290802609
0.0519447802
0.0359210832
0.7256459613
0.9316711368
0.5967969867
0.3669556267
0.4232172049
0.0115635176
0.3480404831
0.5163991540
0.1205816985
0.6166066458
0.3078954224
0.7983649955
0.1204795947
0.9005480075
0.5103626912
0.6657505276
0.2691174989
0.0578045374
0.5208593677
0.0833933487
0.5920112726
0.9334579368
0.6275443413
0.1377447224
0.0755491274
0.7541844978
0.5788545486
0.8083978228
0.7422075175
0.2817472339
0.3257597500
0.0441178372
0.4884890495
0.0354543742
0.8816663945
0.1670931199
0.3340662106
0.6508016727
0.0237137550
0.5570803055
0.8486941159
0.0020066061
0.7250282519
0.5498289412
0.9750143753
0.0666050939
0.4318130686
0.4822438870
0.0730081220
0.0475070899
0.4516601528
0.0521878794
0.1216890160
0.2272920730
0.0978709320
0.9167545181
0.8931853942
0.7669201675
0.6272558170
0.2885165474
0.0976123624
0.5709741766
0.3629867680
0.7186101443
0.6806955608
0.4502901081
0.0258464517
0.4013134424
0.8750266174
0.5723583851
0.6273781002
0.3437308974
0.0851929506
0.8379200702
0.9226203211
0.4797361211
0.9249867347
0.2520504024
0.2111129550
0.1754342783
0.5239153204
0.4447897845
0.5819076044
0.1211073937
0.4519662248
0.1963400620
0.8874218965
0.8998138396
0.1712022854
0.3968099337
0.1845552283
0.8197220464
0.0684335500
0.1626740326
0.0624666531
0.8770389619
0.3938322693
0.1389503706
0.3388790577
0.5403223333
0.1974554661
0.6340179733
0.9400779866
0.8907206900
0.3426375081
0.7085989970
0.4233428464
0.1232187078
0.9368222684
0.1718646707
0.5295209663
0.6588801994
0.7995111477
0.3838596383
0.5289412372
