0.9088985064
0.3249377112
0.7691808275
0.0912461285
0.6267127609
0.1986090492
0.5081181899
0.6164915051
0.8807034086
0.9105419117
0.1653095876
0.3324794765
0.7663704457
0.1802532588
0.1530557094
0.2349455514
0.2217361080
0.6363087377
0.5557359024
0.4940349586
0.3001730806
0.5147039969
0.3113208996
0.2100990156
0.8301623750
0.4801477487
0.5581109734
0.2253242159
0.0709925341
0.6268969933
0.4141085824
0.1279689144
0.4076138447
0.4024241009
0.1814178633
0.9139308056
0.2245172239
0.2188451229
0.9770388811
0.0517807041
0.9298192137
0.2301453097
0.9619629663
0.7663382707
0.1084878772
0.3923892747
0.3094559100
0.5416099463
0.4520170940
0.3994131913
0.4279515003
0.6381895796
0.2911563792
0.2077746237
0.7476593404
0.5534927261
0.2344525810
0.1100357899
0.0684419207
0.7876373424
0.5389119439
0.6017075839
0.5201708722
0.5012846616
0.9225136103
0.5877629642
0.1773153229
0.4021955370
0.9797639263
0.5310793087
0.5647108010
0.9508841949
0.6803966019
0.2033466212
0.5661412057
0.6578825684
0.7878639841
0.8435997994
0.6933356051
0.7697190140
0.2368955464
0.1277844020
0.8558453790
0.0090167014
0.3069293732
0.5636615592
0.6566062894
0.5957097940
0.3701119588
0.4896690527
0.4376868736
0.5320805902
0.0251894094
0.8939377101
0.6266842528
0.4851002344
0.8146611366
0.0041025404
0.5117352685
0.2447532976
0.6877658142
0.4123280802
0.1008965093
0.2494226118
0.0267986885
0.3958217606
0.1084557023
0.3206238931
0.5487894753
0.6161203048
0.7718909323
0.2151215476
0.2716287893
0.5721061213
0.6291728781
0.9842270060
0.6441130645
0.0910530510
0.9577829322
0.8643406222
0.6203667372
0.6307550471
0.2555567522
0.5137225345
0.7077698737
0.8934866195
0.0161844273
0.1078524737
0.5836604239
0.6655800543
0.1574422394
0.2919981121
0.1187512286
0.4638142917
0.7014615831
0.6535979134
0.8075248606
0.4576855035
0.3372586753
0.2390745088
0.2274794946
0.9214446728
0.5545974664
0.9652667571
0.5556782808
0.2266725009
0.0247896954
0.6628163087
0.4726085082
0.6988233572
0.7313691718
0.7497452216
0.8589140056
0.1821301214
0.0183580557
0.3174195357
0.0004510907
0.6104998255
0.3772477607
0.2310007128
0.3385224860
0.3542930291
0.9527551855
0.5690145856
0.9485137885
0.3994349262
0.5958246984
0.2192738279
0.9381362572
0.7711970270
0.0815493843
0.3213099807
0.6946756320
0.2172934659
0.2498547905
0.7159505085
0.3454336204
0.6043831827
0.3214106973
0.1715045563
0.3922296938
0.2264137604
0.1145954006
0.7614527317
0.4486249257
0.2371986965
0.1963029988
0.7073187830
0.2829867939
0.6389366666
0.8768517609
0.2451379378
0.3112870252
0.2046870539
0.7229835265
0.1702374401
0.0643793655
0.1056368847
0.4343240856
0.8693886035
0.6864884765
0.2557092910
0.9177645281
0.5328038626
0.7041512069
0.3047426759
0.2493162486
0.2102446604
0.6222893182
0.7033789982
0.4913117524
0.0803788144
0.4724095969
0.6167737712
0.9882924899
0.4102890798
0.9449314249
0.8220550569
0.6101007527
0.7174642967
0.9715631590
0.5003959998
0.9858627750
0.0272354608
0.1496059753
0.2297716590
0.3987771455
0.8841344230
0.2937980415
0.1615006128
0.3498852244
0.2516477807
0.5154877360
0.1637848562
0.7885061181
0.9905244251
0.9125507901
0.0005385419
0.5057058481
0.7231443022
0.9010041845
0.8300989449
0.0911257419
0.9198200969
0.6096399891
0.1263029107
0.3511636519
0.5036935008
0.4151436396
0.5862022461
0.9898544863
0.3114236350
0.1385406668
0.8909889860
0.2179024770
0.1616810499
0.9749153949
0.3242063810
0.2861030171
0.7705813239
0.9441362719
0.0844388612
0.6177408228
0.1710007405
0.0919244348
0.1292584100
0.5422794375
0.7916004168
0.3042041340
0.7436104005
0.4871003582
0.7212851337
0.8732800533
0.4001860105
0.1605587175
0.8627696077
0.4904708605
0.6371288380
0.9065955790
0.5297877854
0.2358528109
0.6202462664
0.4060406617
0.8330224922
0.6094070138
0.7679602979
0.8655544109
0.1746905804
0.9055652780
0.1126741284
0.1135530991
0.3496617696
0.0770617515
0.7321444016
0.0806470402
0.4235633012
0.0345264462
0.2462266806
0.1989240082
0.6083466561
0.2569281414
0.0186054899
0.0018591684
0.0277241312
0.4299129343
0.9305670243
0.0570504891
0.1191691286
0.4891740727
0.4445680729
0.9739057155
0.1792908287
0.9659559797
0.5838138245
0.4784011428
0.5291336529
0.1230286880
0.3523480661
0.9869904696
0.0693501169
0.2115322526
0.1725499180
0.4209195544
0.8670745204
0.3522944597
0.5370937826
0.7474374393
0.0573979886
0.8830317294
0.3433554293
0.1832537608
0.0472759926
0.7250049105
0.4852411898
0.6935610025
0.4433671190
0.4696189862
0.1035082284
0.7436004792
0.0012967879
0.1925607651
0.9326898635
0.3504969567
0.2698968312
0.0364324419
0.9276395189
0.3038888393
0.4863783258
0.4156122318
0.8785639413
0.1053404635
0.6940330254
0.9401242104
0.6926335447
0.4825872492
0.7247672919
0.1950506190
0.3332096010
0.3661653126
0.1514947169
0.9028712513
0.0156702475
0.5610706635
0.5319232309
0.5333643002
0.3082981659
0.5843570122
0.9602939481
0.8270587959
0.3134500100
0.1178723407
0.2966133075
0.5118782094
0.6234087588
0.9093939975
0.9295235378
0.6561743056
0.1745123036
0.0427553271
0.7074164562
0.4737841248
0.8816500061
0.3753170915
0.2714080421
0.4799163733
0.9383323051
0.1423072285
0.1572438407
0.2038841816
0.3812721266
0.9059032717
0.9801604780
0.3276851818
0.6221830973
0.5153527617
0.1916406104
0.1769430238
0.1092039903
0.4830731709
0.6425601903
0.7900582184
0.6257281384
0.7046834804
0.6806825557
0.3092811047
0.4411029592
0.3403732934
0.3802581362
0.7531272154
0.2611335122
0.7789618696
0.9418281070
0.9969139352
0.7300233719
0.4226249832
0.4602078372
0.7543012396
0.3402800207
0.5675234511
0.9911664373
0.9519374743
0.4602620410
0.1713342388
0.5751860695
0.3934871502
0.0457179018
0.3402826205
0.3564212763
0.1990941757
0.1012838414
0.3177337578
0.0370005775
0.6877218715
0.4131888603
0.6159307518
0.2025971047
0.1823057996
0.5690207040
0.5492654015
0.9030470902
0.9133787914
0.2637934575
0.7655883492
0.4768701896
0.1516266342
0.9526921083
0.8112002050
0.7256151337
0.5980522845
0.5747837774
0.1660774034
0.2519467073
0.9210100857
0.7345690328
0.4049744085
0.9341980316
0.5764651955
0.1750701412
0.8352193340
0.9778488482
0.0079201489
0.1653394130
0.6055596128
0.1023363469
0.2125392781
0.0887527286
0.4780854510
0.1269753051
0.8720822552
0.7911078919
0.4772110460
0.8397484240
0.9973400547
0.0133735204
0.4649579173
0.8452873010
0.7773312637
0.6114247783
0.7345927034
0.1562489551
0.7654962433
0.4014460478
0.7392197300
0.0309273887
0.7256930081
0.7663598303
0.6409880379
0.8170219547
0.8706477606
0.5050632865
0.3785724281
0.1911740268
0.9359444284
0.7121741450
0.9346642306
0.4751825934
0.3244361318
0.1378453008
0.0756217996
0.3102235444
0.7779128121
0.0720543555
0.0632986663
0.9160387367
0.2504199371
0.3006304319
0.6315828886
0.3742953705
0.3412673300
0.0766075016
0.5693661786
0.8325560412
0.1733377296
0.4268576733
0.2210193186
0.1953170775
0.9682092025
0.7639863707
0.1171760770
0.7058174349
0.6700068547
0.4566469059
0.7866748214
0.0719757205
0.4531652680
0.6708953822
0.6271537535
0.8881031463
0.9509074278
0.4024636514
0.8167517607
0.0941694430
0.7190535363
0.4139123797
0.9237096872
0.7469201176
0.7127430884
0.8333750287
0.4709919306
0.4360639337
0.5348172767
0.1652265248
0.3236929138
0.5921585136
0.9745883744
0.5182004114
0.8356103111
0.7574838056
0.0023734596
0.5238119609
0.1112045198
0.2006409059
0.0484163806
0.5918976067
0.1191983063
0.4827791603
0.0412787628
0.3075104771
0.5870794471
0.3735287039
0.7353816494
0.2588700390
0.2160541014
0.0588592758
0.6581419758
0.1395889791
0.1691186192
0.5376768487
0.4672554032
0.1605909581
0.9382314368
0.8064500533
0.9113809768
0.2456732648
0.2403975276
0.1987493552
0.9086572619
0.3854090075
0.4378332720
0.9658357429
0.2401744098
0.0059715572
0.5051765290
0.6215904741
0.8647492991
0.6674765151
0.5891965602
0.4118865052
0.3633849051
0.0400743064
0.5145744424
0.2155257784
0.1435936124
0.6006976593
0.0353101673
0.0609115605
0.2743234006
0.7545910680
0.2092432689
0.2454876852
0.6727840707
0.5327604937
0.6296138804
0.6234363000
0.9195532600
0.0832953862
0.3934091584
0.0659311125
0.1327914039
0.3977770392
0.7916480627
0.7621990498
0.5178404037
0.6060279908
0.5790504318
0.1836670815
0.9244210916
0.5300017461
0.0708926551
0.6778938577
0.2674361707
0.0725050047
0.1580029255
0.5917880370
0.6581723797
0.1807439341
0.9979477153
0.3838185752
0.3849979111
0.9598753503
0.2921891634
0.7944713326
0.6278304643
0.3086175564
0.1830137533
0.9918277168
0.1623778786
0.8469883692
0.1328182427
0.7758658580
0.9876319683
0.6461852093
0.2036366931
0.7223340061
0.3999435664
0.9261260972
0.4379233926
0.9403282075
0.1374747690
0.5183039050
0.7339926475
0.0959487343
0.9675693017
0.3565715169
0.6237377414
0.4854212327
0.4199537252
0.0373624519
0.6770929853
0.8893254896
0.7947157177
0.9170541054
0.4510163527
0.0449536063
0.2241429373
0.4466001270
0.6316085832
0.7571753814
0.2363070170
0.2605909157
0.2900652545
0.1451594356
0.7515918299
0.5880113696
0.0398650437
0.1178968373
0.6799018936
0.1411270392
0.2433388739
0.7869463226
0.0116978411
0.3369000076
0.5819451234
0.2998668690
0.7159334878
0.5342651841
0.1063668043
0.2382186545
0.1433814822
0.3208547300
0.4944930857
0.5902821933
0.0428212449
0.8411728108
0.7495177262
0.4036875270
0.8620174294
0.5514051702
0.2346523354
0.9260708616
0.5863974535
0.8427529882
0.6307064224
0.2360401384
0.0581738396
0.1637716493
0.6044371689
0.7200416728
0.7849990579
0.1945845187
0.1533818850
0.1257769280
0.1814038974
0.1520475241
0.7960818653
0.2516358140
0.8223063328
0.5173709371
0.2472025782
0.2765722430
0.7165077219
0.1825998996
0.2990432962
0.7518944728
0.0758812947
0.7014986265
0.6412660793
0.3621255079
0.8951949569
0.3969562478
0.8311045198
0.6499095635
0.4178379276
0.6593588321
0.9091192971
0.6934179903
0.4242397203
0.4354278749
0.3978551645
0.8949028357
0.9465425205
0.0899569889
0.6611693946
0.8302939437
0.1848524835
0.7858632580
0.0482310551
0.8936271550
0.0168942470
0.8591642261
0.9616464114
0.4268737602
0.1382548304
0.1954497894
0.8383877205
0.9669399502
0.1396741843
0.1082516469
0.0415620191
0.9668224725
0.1544489224
0.4035478156
0.2761612981
0.1685595260
0.1833941560
0.7215871253
0.5426221482
0.6339341194
0.7283437745
0.2065820044
0.8251388371
0.8384565374
0.1046275297
0.4922124904
0.2954829843
0.9965514139
0.3661842661
0.7478508103
0.3580086590
0.8054120857
0.6582067110
0.2855561668
0.8496984828
0.5782528915
0.9871501102
0.4606555757
0.7849545226
0.9362071103
0.5932469796
0.5997040602
0.3953030354
0.7407460345
0.9934084322
0.5549432217
0.4813500375
0.2344437715
0.9377717068
0.3664971489
0.0594838709
0.6958959458
0.2288458705
0.5727163273
0.0564462983
0.8419149908
0.5977444985
0.3656864102
0.8337425298
0.8186682175
0.0380124478
0.6902223961
0.0882150692
0.3586875361
0.5736080593
0.1119479286
0.8486208687
0.1511047202
0.7347942137
0.0534331979
0.0307328399
0.5464272047
0.5085475866
0.6462589837
0.2260764380
0.1610404901
0.8486045939
0.7948112606
0.9341157545
0.2456224492
0.3550899763
0.4831382773
0.9380381736
0.4994979040
0.6338656770
0.7686925388
0.9965415466
0.5068830312
0.1265260802
0.4617404545
0.1778831964
0.3281718183
0.0576284142
0.2697935897
0.4467245497
0.0845986517
0.1736082382
0.0010776141
0.4271481713
0.2523558965
0.4072223778
0.7542216827
0.3897799056
0.0846993930
0.9534450765
0.1692265973
0.5797055444
0.1448038384
0.7601319611
0.5472342831
0.9888213223
0.5826817305
0.8833588717
0.1214456973
0.1963980418
0.5949801934
0.8040237885
0.0599047517
0.3350319596
0.4712184183
0.9039459557
0.6558593334
0.4904963992
0.9803840336
0.4204288063
0.6414905196
0.2740888843
0.3999998211
0.1108703145
0.4214726974
0.8987488238
0.3275718359
0.2992115152
0.6409529343
0.4617278118
0.5551025101
0.4770323864
0.6463708936
0.0162366517
0.0884726328
0.2475769776
0.9452944322
0.6629407187
0.4717311047
0.3616925799
0.7416401317
0.9045177106
0.8298418885
0.7087877871
0.6615095870
0.0356646129
0.2225801245
0.8058811211
0.6873867972
0.3477877847
0.6371996078
0.6283030702
0.1726356653
0.6845988306
0.0627379236
0.5796049167
0.5283993476
0.9247840605
0.1080108626
0.1132687484
0.9280520938
0.5295968828
0.4764126901
0.5228557037
0.5634688927
0.0563312055
0.5125549835
0.6019398509
0.3258806036
0.1109506258
0.5216662917
0.3798055656
0.2918803313
0.7651383049
0.0952360014
0.3983951647
0.2993673467
0.2486382939
0.0980648346
0.9684725362
0.1427086144
0.3431844257
0.7921257362
0.4688548542
0.5894900538
0.3372618975
0.5312653979
0.8930733498
0.9739647632
0.2195609734
0.1859427668
0.7129008404
0.9321309289
0.0786898200
0.9541766827
0.0829020010
0.9599054462
0.5759176493
0.6456371267
0.6194138286
0.5519900929
0.9500648129
0.9818870143
0.4497598005
0.1393794056
0.7346058871
0.3103926224
0.3621422404
0.7870263191
0.1245152898
0.8374085849
0.5446781828
0.0046033590
0.8450738717
0.1594482159
0.5831456116
0.3473369330
0.5314725258
0.6865315669
0.5544345843
0.7052230872
0.9220680958
0.4003679080
0.9959211649
0.4509070628
0.5222360074
0.4399537028
0.6035634465
0.4804135562
0.8669178569
0.9825260223
0.7738905106
0.1608858129
0.5397792774
0.9300457651
0.1525009256
0.0305324178
0.7848433790
0.0362529243
0.5123410276
0.1241230040
0.2606562497
0.4237943534
0.1381052554
0.4981105541
0.6326775203
0.8857092427
