0.6463653475
0.5486233428
0.4670468414
0.5418370970
0.8663002217
0.9974235469
0.5131879621
0.7966312101
0.4695635431
0.9944755561
0.8346710573
0.7381280277
0.7448630831
0.7501099319
0.8839579399
0.2070997906
0.7485545677
0.3840370634
0.0529142759
0.4534045276
0.2598972518
0.3541734115
0.8554777673
0.9307002416
0.9151815025
0.5207317820
0.3844376697
0.3838442336
0.8029498588
0.4605000624
0.0828852643
0.2052436632
0.6342296440
0.0127333145
0.9096235524
0.1809185826
0.6596449028
0.1566560810
0.4812635233
0.2000399519
0.9920290725
0.9964927036
0.4665786387
0.4345714808
0.0416473762
0.9770437425
0.0612267405
0.0261710123
0.8952150135
0.4624318206
0.5503524877
0.4539909299
0.7935308788
0.6854076467
0.6359281644
0.1438258176
0.0500803300
0.3034780359
0.7346556493
0.3759475268
0.8346783693
0.9834519630
0.2400287662
0.0121357035
0.5358900283
0.5574232891
0.3609185145
0.2066553189
0.8407674659
0.0319244389
0.5965912583
0.4775344706
0.9979828525
0.3680924186
0.3035565469
0.7032157069
0.7730661894
0.8227311994
0.1809287783
0.8533395542
0.9216052428
0.5025617881
0.9994135977
0.4663663730
0.6687657648
0.2195496029
0.7868744240
0.8651011726
0.2172537461
0.6497820205
0.0078967068
0.9682714895
0.4770480994
0.8428564980
0.1931079598
0.0983396157
0.4553100255
0.5487050379
0.9742632636
0.8188774368
0.1247316421
0.8846722650
0.7225054813
0.9940462201
0.6284002850
0.1630220918
0.7313557739
0.2685811868
0.1543125431
0.8802979622
0.1728314582
0.9736097707
0.9598700325
0.5509388900
0.9876245569
0.1247651141
0.4658580438
0.8490537404
0.2787246450
0.8328265838
0.6536960155
0.7267589424
0.4076760372
0.3576302699
0.1405954649
0.0469208064
0.9137960877
0.0805800028
0.0087182512
0.3866552508
0.3877778821
0.7160358238
0.1472521739
0.8740857770
0.4834882506
0.3695825674
0.2050703268
0.5722007730
0.4346345201
0.6187536463
0.9424332372
0.0080973201
0.8797297835
0.9617352103
0.9516228981
0.0117890408
0.3416012589
0.2029077210
0.3704958625
0.5081497790
0.0322745887
0.5635577307
0.9230230780
0.6002206696
0.6106412196
0.3364526345
0.7959356916
0.2793118721
0.0177596129
0.4465917743
0.1620497871
0.5864853815
0.1028416130
0.9774794682
0.0105864880
0.2390172307
0.6244636526
0.4233299582
0.5908213187
0.2967212537
0.6498275405
0.2118793059
0.8722006421
0.2931016747
0.0118745604
0.0082471344
0.5391498493
0.6460232980
0.9218573931
0.0953621813
0.3409039614
0.2464500563
0.2692688532
0.7306729374
0.1265382728
0.7970348176
0.0211776354
0.3446597734
0.7676089344
0.8960364748
0.6339882285
0.8466684641
0.8001698693
0.2849362691
0.7385563556
0.1366656859
0.6350685463
0.8590245979
0.9462526093
0.6142490081
0.2754795193
0.7848069796
0.4068743404
0.0702325952
0.7149956454
0.8678552231
0.9534880760
0.4124730488
0.3657657428
0.4197438658
0.1075455397
0.0295919011
0.2616997227
0.7630057356
0.8328847932
0.7964848052
0.8031858520
0.5894635842
0.9917928611
0.0283267572
0.3832753973
0.3837713844
0.5999233102
0.3618799178
0.3015491124
0.3642852574
0.8408137823
0.3755179417
0.3799926328
0.6782110433
0.8090809501
0.3153417994
0.5119142742
0.2429532002
0.1416467107
0.1572049966
0.4252464516
0.0583864844
0.5957740856
0.1733841065
0.2262794322
0.8143118534
0.0657702802
0.0792042386
0.4834443207
0.4363840599
0.9341881323
0.3233524208
0.2075712334
0.0293847743
0.3163330161
0.3843335371
0.5122650904
0.0340649183
0.4847885463
0.4986207569
0.9206510117
0.8977425732
0.7611477442
0.2550759136
0.1808135546
0.1371716592
0.2989072087
0.7635652452
0.5418537794
0.2652276296
0.9130275986
0.2897491938
0.8094687386
0.3577139904
0.2390889423
0.1394863106
0.6054320124
0.0417752595
0.9503876625
0.7782554021
0.3266216756
0.8986966609
0.4731323843
0.5956146186
0.5600788099
0.6754598450
0.6439932201
0.8710103069
0.3497064661
0.1151347639
0.8632591609
0.3808981007
0.4665426842
0.0796660381
0.1204420281
0.1991790781
0.5410393841
0.5101737414
0.5517765543
0.9700604948
0.9777255705
0.2286191122
0.8674558028
0.6157777130
0.7006724940
0.3566851432
0.0338977959
0.6208474198
0.7725365940
0.1153826177
0.3009488366
0.1568226450
0.5376873990
0.4610557480
0.7277378022
0.6474924235
0.3539249293
0.6723397960
0.5133232302
0.1625586243
0.9189301545
0.6215293855
0.1177226562
0.4541083275
0.8180765351
0.6407057161
0.0558968354
0.6397741705
0.6269979178
0.7471306544
0.7935047504
0.5641282089
0.0366085175
0.0455717958
0.6739714808
0.1087962446
0.0010288472
0.2051911464
0.5186388908
0.8328954184
0.9263926417
0.6494388259
0.6214327570
0.7889342766
0.4376409130
0.7453945821
0.9481221951
0.2061538806
0.0031200490
0.1306699900
0.7084516827
0.4307763116
0.4936053784
0.7455365047
0.9267897732
0.6484661491
0.4389603220
0.0645451927
0.5594049077
0.9140414663
0.7630430869
0.7582718039
0.4059322859
0.9411170530
0.1830473164
0.1934843220
0.5069814684
0.6996436469
0.1514939969
0.5152589051
0.7879520014
0.8461439523
0.4659437919
0.6795160796
0.3678883684
0.1000464860
0.7156611658
0.7796156071
0.4413385430
0.3508048803
0.5416698060
0.8048715475
0.7317823126
0.4253247761
0.8759928808
0.1909328830
0.8056421784
0.3791162132
0.5761605235
0.4964919277
0.7257327042
0.8639548309
0.9888588506
0.3875724645
0.6230111558
0.8535612011
0.8520874738
0.1669900124
0.4091525977
0.8495348503
0.6899322413
0.7306868895
0.9867514662
0.4604488499
0.9699227463
0.2535443886
0.6888877906
0.7219797471
0.9657789750
0.5067836521
0.8553490002
0.4614502429
0.3257984425
0.9766693701
0.0054515356
0.6176124976
0.5546036217
0.1211475947
0.2693499359
0.8627997985
0.5680532650
0.8336722035
0.0500866354
0.7741842364
0.3706993393
0.7829211301
0.0875558520
0.3309598426
0.0264943095
0.0978288707
0.8501087966
0.4615617555
0.7845720156
0.8012005352
0.3856951024
0.4960210456
0.4259716909
0.6790005778
0.3780667389
0.7498821909
0.2728319550
0.5859895427
0.8893546374
0.2158713636
0.8282021774
0.7263307770
0.8077122784
0.3213892591
0.0697852883
0.5362922425
0.5163164146
0.0081072585
0.6628197242
0.6756460688
0.0897705945
0.6181595112
0.6046513345
0.5354553039
0.5226013585
0.8255931643
0.0691611417
0.5590438011
0.3879730948
0.9053602257
0.9294863543
0.6010563638
0.9644278043
0.5439510554
0.5745438108
0.3108210517
0.9720975563
0.6929470200
0.9207941094
0.9659943628
0.2455788794
0.4975962650
0.2503385930
0.1977392571
0.2962232385
0.4848183334
0.5848553522
0.7530335213
0.8546925400
0.9052335407
0.1580261348
0.9603160409
0.1560247251
0.7660480049
0.2474658262
0.5649544935
0.5053666783
0.9573331678
0.5387850696
0.4621357018
0.5562015298
0.8550856613
0.2001441714
0.4212672981
0.9520699902
0.8514278801
0.3681795260
0.4059691826
0.0569351709
0.3520378456
0.6199951799
0.6437757580
0.7182750985
0.5778635844
0.5285915199
0.5114890400
0.8365709257
0.4849299360
0.7832587212
0.6616238746
0.1028737178
0.5047935895
0.7153300279
0.9337458694
0.8521115064
0.3571855083
0.9705008104
0.0172346802
0.8682599965
0.5303760721
0.0969080993
0.8317715649
0.0502745644
0.7293421828
0.1797890657
0.0123578141
0.6925231753
0.2063642848
0.9048518691
0.9151623854
0.3409091744
0.3007989295
0.3222186048
0.5273037808
0.9197326806
0.7217470732
0.6862502172
0.4596523128
0.9998883974
0.8015966310
0.0914096466
0.7518188222
0.4004399513
0.4426961069
0.0265701714
0.3039132188
0.4088624966
0.2769650158
0.5477198133
0.6371066819
0.4269570956
0.4418769703
0.6303641369
0.5059269655
0.1257434785
0.0203551058
0.4089094840
0.2595468149
0.6450635953
0.4633276569
0.4908067972
0.7160259965
0.0512389161
0.2977765752
0.1164719772
0.7985424179
0.8561165113
0.8423413027
0.0518367272
0.8366825284
0.6833333050
0.6918490746
0.9098050524
0.7024337665
0.0620974826
0.6887598565
0.6298326507
0.4432490098
0.0802204925
0.4227809971
0.3801279983
0.4413029008
0.0884991018
0.4665439623
0.3258445994
0.9245310858
0.7089870771
0.7708795817
0.7528109992
0.0474595800
0.7430366279
0.4140450719
0.1991363889
0.2896702583
0.0030223543
0.2057466276
0.7287613629
0.0636161694
0.8794057705
0.6344134900
0.6229697844
0.3165550924
0.1097475564
0.1816045943
0.0493850558
0.3383424687
0.7539362504
0.3967375208
0.8606642090
0.3286420041
0.8541840187
0.1675918150
0.1958037810
0.3384579938
0.9753330080
0.3045195375
0.5813958797
0.4167564015
0.2494755240
0.6560984848
0.2120872350
0.9020269674
0.0492825850
0.2916704082
0.4263557381
0.0482165618
0.0920299476
0.3877106143
0.7349262485
0.9767107408
0.2079278127
0.4288669428
0.5201274360
0.5735857486
0.5102444803
0.8604199966
0.3640912978
0.3081612322
0.2920223357
0.7691684417
0.1146070057
0.2260364738
0.2551891821
0.1843242173
0.1028449070
0.1131660938
0.1620244249
0.7444487198
0.5077746843
0.4595115530
0.1147810970
0.5407237642
0.1454326126
0.6937540430
0.1223746637
0.7727806508
0.2414536965
0.9109924067
0.8180360132
0.9938351144
0.0869054286
0.6714779578
0.2055465472
0.1028423484
0.7429693437
0.5995030761
0.3211845976
0.6852937580
0.0301812365
0.4619139147
0.6275690791
0.7460572032
0.1026055302
0.5989948366
0.9832675977
0.0929588740
0.2252919000
0.8133085831
0.5600708177
0.0736211953
0.9572448484
0.1346944270
0.1153747205
0.0666546223
0.2082729244
0.9269079213
0.5188897574
0.1849020416
0.1372241551
0.2739939344
0.3938754999
0.6480208200
0.3052327830
0.0023812656
0.3260245944
0.7771580923
0.9740826725
0.1890598827
0.1751262387
0.3339100613
0.8462473175
0.6644532566
0.0231112385
0.0120014755
0.6270416372
0.2719215843
0.0913653433
0.8775530070
0.2998575107
0.6019536072
0.6708275245
0.5505298359
0.3248171260
0.9994063764
0.4740691419
0.9371596882
0.7668461217
0.6034849063
0.5878786092
0.1042295415
0.6369984723
0.4241605133
0.3458142944
0.7816726456
0.6690966922
0.8795219527
0.3256842561
0.7688866712
0.4104431934
0.1460583589
0.3513836966
0.1839339190
0.7974606582
0.6044578406
0.7340557277
0.4755638930
0.3270732523
0.8919022545
0.2154058670
0.9254343893
0.2113549760
0.8892432932
0.5230913594
0.6324277224
0.1352880506
0.6413055787
0.1294949342
0.4414268027
0.3234230150
0.9310111483
0.0806725001
0.5002256827
0.8498334211
0.0480612055
0.8663481744
0.6361360908
0.1228593128
0.0003403383
0.0082714210
0.5636394791
0.0430015238
0.8237425421
0.1499761424
0.0487866593
0.0599954159
0.2890555107
0.5364375825
0.2999683849
0.3800193298
0.8759594763
0.9521186178
0.0885025347
0.7127103140
0.1477361651
0.9181021135
0.1895290754
0.3581007978
0.3445742077
0.4957328855
0.4434231067
0.6724737580
0.5072061091
0.6040038588
0.7871650513
0.3760993078
0.4794661200
0.1455365547
0.5462373794
0.8791816144
0.3174128351
0.2052471921
0.3674416696
0.3223158169
0.2014075543
0.1351472597
0.7374652422
0.3154023299
0.1976181452
0.1755955081
0.9470539224
0.0159427782
0.2632872492
0.8369318545
0.4986446620
0.7415071281
0.6049892459
0.4428986471
0.7771872529
0.2967313709
0.6337620487
0.9980036960
0.6509492570
0.4238050392
0.4766686414
0.7130606314
0.4737341133
0.5685950855
0.7208116197
0.0898987115
0.2436776984
0.6829275032
0.8030242289
0.1961978096
0.7206857069
0.6223349878
0.0148288827
0.3113214171
0.7445930861
0.0914373655
0.3608420744
0.3529144625
0.3640765517
0.6126722271
0.1151867632
0.5898578727
0.9712031859
0.5427469192
0.4752034664
0.4123418225
0.0613694268
0.7108121590
0.4977291894
0.7924738497
0.2486687188
0.0305374677
0.8909432273
0.3134309380
0.8075042222
0.7586545003
0.0556378433
0.3025596809
0.1962541112
0.5143886062
0.0090493825
0.6467559627
0.6999808290
0.1865786716
0.8238258426
0.9928721562
0.2239649644
0.8367760708
0.8226810456
0.5829773708
0.4032705511
0.1481004860
0.2470739818
0.5274414762
0.1987602089
0.1297857795
0.0305568246
0.7158178261
0.5859192119
0.1360328592
0.2055298463
0.4022805382
0.3932675715
0.5857254141
0.3996296935
0.6662298911
0.8099405852
0.6651737764
0.7873390305
0.0474235872
0.1685388970
0.7939748464
0.5494418469
0.0207048779
0.4357563162
0.1910030400
0.3184492609
0.5206281217
0.2546612947
0.5381610289
0.7699370917
0.9608060006
0.4645717411
0.8681127814
0.0624163966
0.7724429769
0.4129611397
0.4446466419
0.6965239964
0.4754502149
0.5747792998
0.2921993431
0.3901933115
0.8554011473
0.4448120536
0.4913135339
0.6472010469
0.9975636370
0.0934807239
0.2682988127
0.2551360937
0.0277152142
0.7204137598
0.4596075356
0.6260510848
0.2642245128
0.9955756316
0.5053765817
0.4722440345
0.9693036697
0.2986150420
0.0527439538
0.6221713702
0.9386988100
0.2799877045
0.1846575852
0.7549984992
0.7857990692
0.6851391376
0.3340328282
0.2403676112
0.0111399122
0.8438335161
0.8153365348
0.5468793909
0.9484555179
0.0944118802
0.7524286466
0.6686662540
0.7164598613
0.3968749637
0.5322029368
0.0197083730
0.4481251373
0.3343673108
0.9233907621
0.7564803651
0.4401806846
0.6856264583
0.8462052264
0.5513244519
0.9560462527
0.4854170750
0.1477657215
0.0221071906
0.1845840366
0.6834551962
0.3074178974
0.9866439078
0.7278220021
0.1106138137
0.4561563852
0.4643103027
0.7309457837
0.4768628083
0.8433139206
0.9069456294
0.3504001734
0.7388848873
0.9785347929
0.2811037758
0.6966057602
0.7360958759
0.2354277207
0.5795900769
0.3860464490
0.5362167735
0.8695707197
0.8240438282
0.3099491733
0.6591713553
0.9209195826
0.0132574170
0.8131979669
0.9049782323
0.6000641796
0.7541147734
0.5965325083
0.8772396878
0.7683545915
0.0579770671
0.5745253239
0.8778764429
0.7760573085
0.2801941285
0.3669707078
0.9720226142
0.6399337615
0.5980553444
0.3555269929
0.7738938537
0.3875624783
0.0198541011
0.6607790878
0.2967752161
0.4401182962
0.0620786883
0.7981505373
0.0538200424
0.9324365369
0.1302315113
0.0264551029
0.9252856438
0.5380670349
0.1428482858
0.5804388427
0.5477015419
0.2679924172
0.5880515283
0.8062155084
0.5390633059
0.9286668407
0.1532966782
0.2327373708
0.6800990768
0.1841161742
0.3639750759
0.5048401941
0.2033801591
0.3088902850
0.9948731805
0.9649910336
0.5909723146
0.2612496747
0.0358266724
0.4393206597
0.7953094245
0.5175113886
0.5878959117
0.4823967311
0.9371341828
0.6938123168
0.2834940704
0.7338857115
0.3828525476
0.8704091312
0.2327591242
0.3572766905
0.3320717624
0.1660632451
0.7903169999
0.3381763819
0.8396877508
0.9046803889
0.3417879532
0.1977773662
0.5919411343
0.9162190526
0.8621305137
0.7686424550
0.3310434765
0.6031821639
0.3905359593
0.1829215391
0.1263128035
0.9840274287
0.2214584281
0.5014657916
0.9226069075
0.4741827766
0.3157538062
0.1166858596
0.2386242201
0.8467374410
0.2925693914
0.5424330962
0.6676579037
0.9100891616
0.2231621522
0.2156297794
0.1019291722
0.7977345284
0.4680391265
0.6993755551
0.0239864517
0.8115087250
0.0349600046
0.0881579425
0.2678971216
0.5018445622
0.7361977391
0.8723366826
0.7057081211
0.6043372212
0.7820694945
0.4646595111
0.2772222461
0.8143682443
0.9378548681
0.8727025170
0.0433286120
0.2721421055
0.3657108714
0.6985099627
0.8470748759
0.9909246789
0.1914526153
0.7151946439
0.9603199696
0.0095969720
0.1416469110
0.2301425903
0.3683287166
0.3222778734
0.6388008268
0.8157012991
0.0931716639
0.3068279485
0.1096194237
0.3240440127
0.4143744905
0.1259327746
0.8963057724
0.6253353554
0.9988449427
0.6084664648
0.7182620281
0.8490905575
0.1696591843
0.2836035600
0.6287632746
0.8792782955
0.2020406711
0.9500429348
0.4181758969
0.3915493442
0.8558127620
0.1011167762
0.8272384523
0.7073379341
0.9004921896
0.0815152412
0.9854871892
0.7336004555
0.4754566551
0.8292382997
0.8836742561
0.9308147878
0.5046807765
0.9253405809
0.7641139298
0.8535226311
0.3759117876
0.8398919667
0.2470013272
0.7068631784
0.9958707564
0.0638074664
0.6155689536
0.1075630617
0.5307646844
0.3090915935
0.9934242215
0.8412879410
0.3220991708
0.9475349745
0.3069606186
0.9912621138
0.8898079028
0.3642141629
0.0078567098
0.0598277800
0.9280817308
0.1561597219
0.4965421347
0.8928720615
0.4930395737
0.7551265707
0.8848865112
0.5884908874
0.3814873676
0.3455054938
0.4705213816
0.0384627028
0.2860408079
0.6493044452
0.9184721770
0.0029741863
0.5446589984
0.1026930745
0.7415274958
0.6388945000
0.9745119665
0.6353390532
0.0379903545
0.8799415003
0.0025079602
0.1112152784
0.4002872303
0.9660048593
0.7369026132
0.8193817425
0.6475101541
0.9724104588
0.9253555193
0.4889450544
0.8407283940
0.9824170814
0.0741117290
0.9987877449
0.3423239004
0.1231934089
0.5798350871
0.2935925483
0.8150599283
0.0898709798
0.1905875214
0.3285291502
0.7038889921
0.4512117580
0.9611143919
0.8740414578
0.4686685617
0.5562527179
0.6737525403
0.9554338669
0.9613464407
0.3195912105
0.8363196962
0.9066733882
0.0252572546
0.1529052895
0.5448324204
0.3603465557
0.0874173212
0.0027262114
0.6672146674
0.6558137407
0.9104549801
0.4189278446
0.7563388259
0.5425626108
0.4652974786
0.8016522805
0.0519129456
0.6554614532
0.9485917231
0.0954532864
0.3207752951
0.2145831849
0.5517624283
0.5835446065
0.2286516167
0.2728589341
0.0826417821
0.3007594262
0.6799051863
0.0766439139
0.5603502897
0.1661882640
0.2045418901
0.3750299758
0.8130995697
0.1920701928
0.4590351868
0.5600928329
0.9696842474
0.2581408519
0.8331313137
0.9302734139
0.5634892368
0.3177729032
0.4562251340
0.8770264218
0.3215411284
0.5279221415
0.6381310950
0.8664682053
0.9944176933
0.8698122264
0.1139459653
0.1521265638
0.8676671515
0.7324627752
0.6011825237
0.3860267797
0.2554932917
0.9938473540
0.8787899530
0.4009961509
0.1534029465
0.6317778060
0.5316434124
0.2121576848
0.9608350967
0.0857972336
0.8002537228
0.1177330738
0.7445853596
0.8340833537
0.7255403269
0.3469657434
0.1011549415
0.3001136918
0.6655361890
0.1437563502
0.2737301390
0.4137818505
0.7889932480
0.9541740297
0.2256410601
0.2068293298
0.0624566210
0.6840952768
0.8510818313
0.6274690930
0.8868321544
0.8271484904
0.3069120722
0.8011152332
0.6756477629
0.4069473432
0.5344104580
0.6728984777
0.1628722910
0.8522644730
0.1062729592
0.6587814640
0.4423597591
0.2250988878
0.4240574982
0.1075909868
0.5833076705
0.4623342953
0.0176592113
0.7906889450
0.7332700716
0.0478109894
0.1141402910
0.8491378470
0.9122941755
0.7687766332
0.6629828965
0.0514893442
0.4680312870
0.0165853202
0.1049936822
0.7143503693
0.5588782893
0.9485812195
0.1927321208
0.2031421901
0.9940488077
0.6189924885
0.9588793283
0.3687711214
0.3598932118
0.8545621375
0.4270157696
0.3578939637
0.8926341860
0.3205278614
0.7264923669
0.1422326564
0.8846314481
0.0834957301
0.5094247469
0.9322661174
0.0959453609
0.1595898480
0.5646440035
0.8766990725
0.1853973965
0.5626581635
0.1553399856
0.5944253340
0.6675099567
0.7460881491
0.9131187237
0.3279538651
0.8785672708
0.1141799514
0.5979730431
0.6815989552
0.7879548547
0.5755311297
0.3041273563
0.8029790792
0.9977023355
0.6792571896
0.3008875003
0.5497255732
0.9045710264
0.6975651313
0.9653583304
0.6986762224
0.3788385651
0.5082344645
0.8584228275
0.6373247107
0.8882211414
0.5494962875
0.9724387746
0.7268967790
0.2061184697
0.5076429110
0.4570640102
0.8005213304
0.2704971710
0.1918749585
0.3863965042
0.6803110184
0.8344012681
0.5947590776
0.5215432349
0.2060939530
0.0434613588
0.6547519720
0.5657920422
0.3621908763
0.1753049479
0.1261282693
0.8081683906
0.9880631595
0.6229627302
0.7611340365
0.4435564340
0.5057928829
0.5752612657
0.6510019193
0.2949414067
0.2077242195
0.6100935605
0.5922052289
0.1498022935
0.9792789268
0.0550152526
0.6982759753
0.7939040036
0.3970127856
0.5542131907
0.5267222195
0.6476428467
0.0441660028
0.5194208738
0.0764298082
0.4755050022
0.7444934959
0.9207791577
0.7383353141
0.4407882028
0.8223973876
0.5531289203
0.4927191097
0.5616624136
0.2816082963
0.9364310948
0.5218018964
0.1928833394
0.8035772995
0.8572325451
0.5634814208
0.4296004912
0.2781275808
0.9572910585
0.8226364811
0.7476178522
0.1511032171
0.8093669356
0.6631600066
0.4035085448
0.7162839804
0.6651527389
0.7387536575
0.6361450157
0.3149803943
0.5183292695
0.0460382327
0.4616004570
0.1226822010
0.9164166579
0.1250038394
0.5397934887
0.6221760276
0.6334091596
0.2465059769
0.7064548633
0.6865316354
0.2393321401
0.2506730946
0.7022155835
0.7180287205
0.0875204985
0.8653409155
0.9295966387
0.6528025020
0.7695687478
0.4021844413
0.8281757097
0.2456483169
0.0351159688
0.3903954589
0.6807288052
0.8890604517
0.7879685620
0.0114978310
0.7291856084
0.0010916043
0.0303915755
0.0139045452
0.6218112949
0.0043624998
0.6133314747
0.9009947141
0.2002213600
0.9197197607
0.2462131328
0.8552075504
0.5950766609
0.6970989547
0.2711288018
0.4906677559
0.0855485789
0.7697120466
0.6981405053
0.5000038525
0.6253250788
0.1877223107
0.4204520398
0.9194421424
0.9054549002
0.7742509669
0.2727645477
0.7227797395
0.8272235287
0.8771841769
0.7272558265
0.9069594072
0.3138887900
0.4879376939
0.0321336875
0.8397891621
0.1183197012
0.3030851832
0.2240091253
0.3395721287
0.7024562668
0.3871960268
0.3912984266
0.1113782024
0.9894326807
0.9682033383
0.7600053386
0.6166670046
0.9483166739
0.3893799932
0.3653370630
0.3042715599
0.4650801913
0.3491167081
0.4827422989
0.9227208095
0.4713973500
0.7623514210
0.6676157194
0.8535052765
0.0118762748
0.0607127356
0.1045384238
0.4152968184
0.5131539104
0.9982578880
0.1741153831
0.5034915937
0.7012773166
0.3893223494
0.5614225854
0.4977650932
0.5325237340
0.8549147062
0.7438293480
0.6056439802
0.7288956164
0.5111234632
0.8740007514
0.1372319050
0.3803320534
0.3328034424
0.1957322927
0.1602448875
0.8386056026
0.9377097409
0.9967213329
0.4340575501
0.0118995458
0.6051488283
0.8692744630
0.8153472539
0.8164714413
0.6227174027
0.4916625888
0.8007348796
0.4896798059
0.8580183044
0.3362975684
0.4170423846
0.9137628338
0.6625865399
0.8418070355
0.1699325328
0.5322813206
0.6474690786
0.5057342221
0.2605370642
0.4570798751
0.8860045873
0.4794350996
0.5679846205
0.0565765508
0.1696047703
0.1440266724
0.6264745887
0.4114069672
0.4860209660
0.4886632594
0.4594978042
0.1572025927
0.7983412564
0.0381580227
0.1954048335
0.4379953329
0.6128758349
0.6145619388
0.0234741045
0.1402395836
0.8378178146
0.0864492091
0.7875144828
0.7267358095
0.7196155500
0.3278325604
0.0002424134
0.2074456276
0.2380951259
0.3451069160
0.2718157413
0.6251188759
0.3945656518
0.5692472845
0.3237555026
0.1631986721
0.0517056203
0.5337702988
0.4271986354
0.4516887749
0.5080580735
0.9745597459
0.8546969531
0.8068075720
0.8311164403
0.6199424204
0.3784761084
0.0098415677
0.8771006500
0.7772607751
0.3494402223
0.0202004897
0.2498483593
0.6295279018
0.1870270243
0.9429709899
0.5139744751
0.1696901194
0.3248356929
0.4093739527
0.1606273061
0.9887213229
0.8319609992
0.4914389355
0.9101878150
0.2442291179
0.8933778787
0.1178991499
0.6102563735
0.1992759533
0.9597181923
0.9779628925
0.5141035135
0.6048008511
0.3503950207
0.9672248161
0.4182156023
0.8169287251
0.4281537651
0.7357751849
0.8373011637
0.6740338822
0.1200390939
0.5879694553
0.4569213073
0.6004874585
0.7837648196
0.2056410749
0.1581424410
0.6754067205
0.7980716749
0.0774678198
0.3563855931
0.4398547421
0.1336799404
0.4843778368
0.3250181666
0.4303776239
0.0452995222
0.4414492468
0.3344943456
0.4674804431
0.4737258824
0.9939545600
0.3697588948
0.5043019324
0.8395827559
0.4129008380
0.8030136953
0.9503223433
0.2740663828
0.0397994863
0.1032268929
0.2294011284
0.4322310344
0.7929270520
0.0290404433
0.4032622047
0.7373299150
0.3558320341
0.4942833989
0.5267640180
0.3319061329
0.8042417130
0.5488665807
0.6982810588
0.0070610987
0.5851696484
0.8138514940
0.8480783566
0.6764499031
0.2757620279
0.7317955102
0.4859923100
0.9840083325
0.1443446186
0.1004989187
0.5108122648
0.5543239781
0.6152019070
0.8666063818
0.1540873823
0.6959756986
0.7340742707
0.4446327538
0.6878080595
0.7950424034
0.4278808640
0.1972252538
0.0464349046
0.8498090407
0.6638590420
0.1486427026
0.4661655420
0.2732261068
0.8075190124
0.7415736834
0.1266188418
0.8992081884
0.5111666726
0.5822992673
0.3688496190
0.1656872189
0.6026988354
0.9814881331
0.4897175499
0.8496099414
0.2692599762
0.9934896676
0.2852587778
0.7976989311
0.9364073136
0.7962349610
0.5780906842
0.3057252156
0.6585941391
0.5415930689
0.6371886310
0.3650461879
0.8318151895
0.3568273001
0.8875208743
0.6919729921
0.3456406964
0.0605984760
0.0586800262
0.9967227006
0.8072928974
0.5716622170
0.1078529103
0.0740029758
0.2315522267
0.4792287376
0.5107626843
0.6730631925
0.7503073770
0.9962747601
0.1343983911
0.8750846425
0.1070092511
0.2255534870
0.7566250470
0.6787945934
0.0703714208
0.5759966981
0.3902504830
0.0754801316
0.9030396850
0.0506194285
0.4299962154
0.5960656745
0.8403979537
0.1589140302
0.1578360486
0.3182183457
0.0880442266
0.4074855158
0.2765034062
0.0002261150
0.1699114664
0.0187659314
0.8252052126
0.2796144459
0.1030705297
0.8580869348
0.4926240264
0.8523914584
0.9852133730
0.3553191588
0.9745252989
0.1622507251
0.7679361806
0.5286337309
0.1189043377
0.8660358928
0.2202382629
0.1878402012
0.2302450840
0.7555544541
0.4909736404
0.2071924156
0.7689805134
0.9914172357
0.1979132698
0.7296848258
0.3737546464
0.2575964698
0.6531129601
0.7821766200
0.9964965856
0.6373814310
0.5528962856
0.2826476977
0.7943885298
0.1284816970
0.6211418028
0.0181386579
0.8206717341
0.7650940040
0.6409556013
0.1598730922
0.7128339174
0.3390730705
0.6969197561
0.6377207093
0.8127587006
0.8501331579
0.3881564969
0.1600053990
0.3199256775
0.4120660446
0.8434270129
0.6610157020
0.6046484388
0.6424846839
0.4292292045
0.7840814022
0.0606218759
0.4349312665
0.6253088958
0.2800068206
0.3628446841
0.6170151808
0.7361182337
0.0308166828
0.1511327489
0.4819287269
0.8399482768
0.6719522922
0.0872974544
0.3442577717
0.1954460666
0.2616913815
0.8231776545
0.0710164245
0.8909130216
0.3061456371
0.0159027348
0.8320817660
0.0278348022
0.9103194065
0.3434884096
0.6475466275
0.5461767136
0.1643320746
0.3489325518
0.7686840654
0.9456034236
0.3131327705
0.8226652033
0.0278040643
0.5021697994
0.6336519015
0.0203662501
0.8167780518
0.2518310149
0.6432557809
0.6465529701
0.7811935260
0.3461863657
0.7333742797
0.4208362323
0.4455095347
0.8981817107
0.8896562629
0.2680566461
0.8060067346
0.3315750722
0.7968559658
0.0180513920
0.3603216947
0.2496859925
0.9764372679
0.7645194170
0.2972502993
0.4966836274
0.2557158869
0.8738006185
0.4836257809
0.4709486317
0.2379566726
0.4071272022
0.1231390964
0.6463549191
0.3424784339
0.8002371290
0.4842872188
0.3875609019
0.5045797789
0.7007352010
0.4937619112
0.9385780126
0.6664612221
0.8987482370
0.2972643559
0.3720351186
0.5551210085
0.2650096899
0.5593379494
0.5092896713
0.9978513429
0.4717600713
0.7781488097
0.9338821385
0.5789689925
0.3502963282
0.0494930861
0.9086161877
0.4751319333
0.2850582844
0.4746547919
0.0751760979
0.4155380011
0.9046649679
0.8558148803
0.2911734676
0.2201291211
0.3324908330
0.8642701130
0.1386760020
0.9458177691
0.2874316148
0.4076083531
0.0669130576
0.5220879953
0.1482451788
0.5261465921
0.3345352544
0.0030469562
0.2466687852
0.8222854009
0.7990046229
0.5462913207
0.5821728850
0.3158038540
0.3974682754
0.4142230888
0.2477572132
0.5880674398
0.7805839536
0.5887423341
0.0089709891
0.3957725338
0.8224186715
0.5024622343
0.2673242161
0.3551814515
0.1223493128
0.4677462961
0.6200171058
0.2488848999
0.5587620098
0.4133035862
0.0861535581
0.8716649550
0.1443732268
0.7505030582
0.7711177639
0.0374998642
0.5520740523
0.0183409047
0.7370525485
0.7102850484
0.4515600222
0.8895871863
0.4623449557
0.5364138631
0.1647459037
0.1025391150
0.4614256464
0.1280322340
0.8863895992
0.2760872954
0.0788822580
0.2527574264
0.9130757668
0.6373407517
0.5006334288
0.1688241548
0.7523828251
0.7124737272
0.6153852131
0.5799139922
0.5325141829
0.2012780567
0.5359433981
0.9225398308
0.7715849371
0.3771274149
0.4886467279
0.7824612021
0.9847060515
0.5096162367
0.1120003525
0.3474446007
0.6567041343
0.1198279293
0.7793899909
0.2327223717
0.3116839738
0.7863315668
0.4600352057
0.8941943544
0.3126550387
0.9300887310
0.1430151075
0.9093429047
0.8651214826
0.7666907873
0.1863572967
0.3699664878
0.7552725689
0.0046318927
0.6689709077
0.0262478269
0.2120255295
0.5502101600
0.9491251242
0.3727882897
0.3733756432
0.2824710360
0.2550386621
0.5673680008
0.5087246680
0.6250521960
0.3628404477
0.7948558878
0.7697592570
0.6829549648
0.3036914915
0.8530619299
0.3162075482
0.0013904406
0.2338378796
0.5737345605
0.3459985644
0.9358671505
0.3434145217
0.0479542842
0.8706499644
0.3142761321
0.7988576670
0.9971102562
0.7078418345
0.9464143054
0.5536661654
0.3204886535
0.6510678968
0.5868182739
0.5497515411
0.3982092939
0.0946563789
0.2336080658
0.2150932013
0.4759813835
0.8845640407
0.7491599047
0.5525887129
0.8869448773
0.4368729645
0.4756984994
0.3796604418
0.9954764257
0.7849411262
0.2261973262
0.3204597940
0.9666564744
0.9942215805
0.7996005858
0.8613886205
0.9944715181
0.4524146552
0.3874996297
0.3728562316
0.0474307344
0.0582175873
0.1153047423
0.7057591734
0.5609576327
0.9633918860
0.3993735831
0.9745789958
0.2787192643
0.0488629702
0.0399454608
0.0913866173
0.6241606273
0.8758922913
0.8102517349
0.9079110105
0.3328862925
0.2072564654
0.9240310497
0.8575855042
0.5312664220
0.7751931145
0.9133780856
0.6070780861
0.3517769839
0.1362665647
0.4820259012
0.0534827661
0.4182353093
0.9267765024
0.4260014354
0.9496795217
0.6496242472
0.8311095631
0.8479069920
0.7595310208
0.6876760107
0.1874446908
0.5751725453
0.1194900296
0.0457934087
0.1936626050
0.1237065839
0.8518207562
0.0086717494
0.9389081699
0.6446777023
0.5540585848
0.2296164991
0.5516674497
0.5220749376
0.4642100037
0.0097480117
0.3128192405
0.7133817078
0.6148794905
0.8579550158
0.3175746846
0.8079058544
0.5762362089
0.5256381528
0.9614981943
0.4231767099
0.3978064872
0.2271080242
0.2673977504
0.9462281526
0.8732816220
0.7759471953
0.8242010378
0.8550889662
0.2329258556
0.8552003653
0.9162388769
0.2395658611
0.6154888778
0.9369841214
0.1655740325
0.3538524257
0.1032697935
0.6555890157
0.4019561121
0.3933755005
0.5215184102
0.4623738739
0.1999963778
0.9921985956
0.4938219681
0.8186918801
0.6741200469
0.4772465572
0.8925971565
0.9652783081
0.0028247255
0.5518730345
0.4225162230
0.5637118127
0.9016788394
0.8862493988
0.9117288155
0.3632436530
0.7200835791
0.8865641739
0.1905930434
0.2774237281
0.8841407228
0.2363318784
0.0716876280
0.7733341374
0.2908252766
0.4507887913
0.5740274834
0.1497113377
0.1286994371
0.9426915935
0.5473741378
0.1128228627
0.7211831122
0.1210575224
0.0392631357
0.6434546378
0.3306592971
0.6836390524
0.5603598447
0.9586734688
0.8713036754
0.9752902643
0.6633962115
0.3657189110
0.0599787538
0.9615528065
0.4127035423
0.1041174587
0.9685247923
0.0423328122
0.5777766372
0.0320981541
0.0032339827
0.5438012498
0.1636499840
0.8747487559
0.9030636344
0.5292423101
0.5058776780
0.2732566749
0.4506839070
0.9741442725
0.3495510112
0.4788132656
0.8711410732
0.4545588324
0.1752372423
0.3434607497
0.7936075048
0.3322373117
0.0066048393
0.1315210501
0.5765827702
0.7591200115
0.1979929017
0.8417000856
0.9246965923
0.4990252732
0.2591261942
0.7515587868
0.8442313617
0.6128164062
0.2453255740
0.8809067401
0.6925306286
0.9080376440
0.8985853814
0.3877616422
0.9215464813
0.0681498054
0.8764546627
0.6780155301
0.9685473210
0.1978231266
0.6340095972
0.8500420390
0.6664986901
0.8640258933
0.2999938880
0.5370517923
0.3514017407
0.5537550055
0.8271524187
0.2947209051
0.2161702527
0.4654033097
0.5240188254
0.1352821614
0.4625275333
0.1535773480
0.3525586720
0.1242934306
0.4295164060
0.3324510633
0.1511914140
0.3107033542
0.6357636058
0.2650646026
0.4869871137
0.9815171531
0.4610925047
0.6294230153
0.5952411448
0.4821365860
0.7763211459
0.7155414140
0.6287712266
0.2046423831
0.5905329390
0.8752433543
0.8064089574
0.4422057641
0.7784823063
0.1794524206
0.8368001450
0.3604125175
0.2937167018
0.6739740764
0.7064179242
0.4621690590
0.3454479252
0.9065675223
0.6272653562
0.4147149557
0.2803653429
0.0941341599
0.5702033859
0.0567670228
0.6429730414
0.4115982677
0.4062444891
0.4604539766
0.4387267901
0.2812135179
0.1958789441
0.1922261751
0.4822817126
0.0052383706
0.6453996559
0.0759657510
0.9887825390
0.4935849306
0.0948460282
0.5729194344
0.3743025848
0.9903522737
0.9343083876
0.9224535510
0.7914292334
0.8176009012
0.6731131024
0.1170796082
0.2470098258
0.7252933157
0.7095784748
0.1491510631
0.2383169033
0.5809880281
0.2539363313
0.9927905644
0.8534663349
0.0807426246
0.5210631766
0.0223657146
0.3482094974
0.3993622008
0.2899104109
0.2940394333
0.7103030434
0.9833715707
0.1286766321
0.6017504000
0.3816584238
0.7115629293
0.8692863297
0.4041797214
0.1891001470
0.9024917574
0.4379589665
0.5022874684
0.8563731752
0.0333048217
0.3450894509
0.0984380994
0.1812742066
0.9176868814
0.2655638926
0.0420484396
0.5131461318
0.3162670546
0.0639764584
0.7895067065
0.3308556431
0.8851813125
0.4380882619
0.0905172927
0.8818513171
0.9059685332
0.8981867418
0.7719786691
0.0218667999
0.5167230238
0.4742153510
0.6071241152
0.7820220013
0.2255596984
0.1687397130
0.1852024379
0.0878605163
0.4963494211
0.4201660825
0.9350560582
0.7842960794
0.3280236516
0.0186415088
0.0657356192
0.8076064343
0.4440145822
0.1071026235
0.7251707716
0.2647209736
0.1899598729
0.2032838578
0.5226106917
0.1955613121
0.0829749146
0.9318484219
0.4663581802
0.4933936675
0.3917236691
0.5220607642
0.6884362435
0.4666485469
0.6544612811
0.9946262848
0.5996364225
0.4860032308
0.7005466167
0.2189772836
0.1012396307
0.4061423363
0.0177928840
0.5672314103
0.0720770958
0.7052811702
0.3264479421
0.0327024802
0.3736677723
0.4736722992
0.1584612691
0.3168776680
0.2484251582
0.1263071816
0.8606926006
0.2668960148
0.1352943311
0.8022063979
0.5062398400
0.6241591125
0.3884576496
0.5142448642
0.3761259776
0.0835424256
0.5552182530
0.8622617427
0.4795890662
0.0074876927
0.2960187704
0.5250130817
0.9497624294
0.0839628072
0.6817181800
0.4785565371
0.8529346723
0.8629789624
0.0790149093
0.0015757095
0.9859390286
0.6920678469
0.3339341351
0.2855533131
0.7902249555
0.4767456134
0.1384137919
0.3292672723
0.9363878430
0.3873163606
0.3933549142
0.5767350746
0.3076893094
0.0779005306
0.9791488034
0.0155976914
0.4385183385
0.1332179905
0.6043868042
0.1748722149
0.9871385921
0.3036176521
0.9609901492
0.7507841873
0.1350144764
0.4195214506
0.9275857992
0.1648582117
0.7042524479
0.9930621865
0.7037054607
0.3405089136
0.3406346333
0.0397336371
0.1881189861
0.3682363137
0.8401320547
0.1100113662
0.7970399093
0.9243047576
0.8795796542
0.7419394169
0.2254713233
0.1985505306
0.5462585818
0.4093088462
0.4986471728
0.9376076391
0.9503244352
0.9508314488
0.6873895278
0.4924504741
0.7038700407
0.3350286213
0.7742288943
0.8147479530
0.6644413566
0.7541323809
0.3136983254
0.1486822244
0.8699167759
0.3753094485
0.6610667959
0.6453043953
0.6523342098
0.1458151490
0.9173169994
0.9500929008
0.3667342471
0.3413738826
0.4049625147
0.0568081888
0.6453769437
0.1678835909
0.3781845440
0.7614307276
0.6685916844
0.4805016306
0.0779900523
0.4881939034
0.1823865417
0.9169972765
0.6824217408
0.2832685514
0.9685890308
0.1867612548
0.9360362343
0.4705731198
0.6653890697
0.6138874738
0.0161759873
0.8343356719
0.6177527379
0.0426386648
0.6952045183
0.6883004235
0.8939184882
0.2708019868
0.4181434129
0.4733978075
0.7686374836
0.3920773946
0.8674965688
0.2342027105
0.5740558261
0.8472867793
0.4371198030
0.8776668974
0.9288072156
0.4206571205
0.4494137358
0.7679378935
0.0338341723
0.0049677870
0.2091819227
0.7352810099
0.1482673665
0.8381926600
0.3441748332
0.9990522868
0.1402449071
0.2975223381
0.3143465525
0.2521640380
0.3326707837
0.9658622776
0.9570039718
0.7584157216
0.8750131622
0.4991735865
0.4766950932
0.5980967635
0.9492964880
0.5374659459
0.8226054783
0.0713211177
0.3205968115
0.9410647410
0.8837638302
0.7397844689
0.0598445102
0.6285763165
0.7202560098
0.1485523694
0.9120294895
0.4732398180
0.5479875415
0.8203216643
0.3485685948
0.5918614011
0.4715208329
0.5251441626
0.3163651357
0.7018294348
0.5821716339
0.2850819542
0.0767763872
0.7382005465
0.9298847019
0.0189053260
0.7716284003
0.9414483196
0.8753010440
0.8193409956
0.8546114487
0.0448910905
0.1628815928
0.2534590145
0.9062220384
0.5533559728
0.1378824285
0.8689627054
0.7920808039
0.7291577259
0.6193855241
0.1218046828
0.5317279690
0.6611943812
0.9149593456
0.7996987717
0.2463312589
0.8726540003
0.4739081242
0.8238797714
0.5956929033
0.7321749186
0.9670820838
0.2558943965
0.2276617312
0.0271192700
0.7395103956
0.1033847619
0.5577252668
0.6013940492
0.7787557679
0.0946850393
0.4925748554
0.6597238855
0.8178621031
0.4143747732
0.3877087681
0.7458814017
0.8708217634
0.2677637062
0.8994185906
0.1008704857
0.0267476865
0.3803015205
0.8120454368
0.6330281959
0.0206228927
0.1022373359
0.7192074008
0.9976127087
0.7012643912
0.7206722324
0.9696545162
0.6150895502
0.0291875577
0.8491146560
0.7110812765
0.1903743062
0.9155205641
0.2139031335
0.3400542704
0.0965452761
0.7246559563
0.3620365933
0.3851672050
0.3450194897
0.8390842413
0.5185132702
0.8074745712
0.2670606651
0.6011989992
0.8926622133
0.6282872402
0.5926378376
0.7415031623
0.7196825322
0.0281661853
0.8943364529
0.6974614358
0.5271238581
0.8750412916
0.7726437330
0.1032075390
0.6260383870
0.1170853684
0.9378945261
0.4067797405
0.5165804547
0.8367449637
0.8239898315
0.8894816284
0.2176709964
0.5048487731
0.0540998116
0.7326484460
0.1074076504
0.3147043958
0.9787778618
0.8958615030
0.5802341970
0.4788207366
0.2696227642
0.3751014929
0.2711313504
0.5082326481
0.2852445242
0.6606189883
0.7838792515
0.7386917430
0.3231614568
0.5751134777
0.8441661092
0.2249689757
0.5980568522
0.0946338454
0.8525691478
0.6771950241
0.6224078173
0.3325342014
0.8743363128
0.3663844747
0.0260389357
0.9962321371
0.8352054973
0.0424454645
0.9920075103
0.2546289429
0.0704628093
0.3662416279
0.9432227383
0.9382790732
0.3286538346
0.9974379009
0.2260975063
0.6215308629
0.1200545921
0.3073933133
0.0808841740
0.9358032807
0.2894744423
0.5711749961
0.1223479581
0.6829577489
0.6500723159
0.1745868809
0.0085736936
0.7734692392
0.4398903443
0.3154867088
0.0742455391
0.6422441419
0.4703604890
0.7979508958
0.8932494913
0.3824654991
0.4624033086
0.0620923014
0.4780195031
0.0369448411
0.9484627679
0.0355551235
0.9575824298
0.2515803624
0.4813828357
0.0435252580
0.7535706300
0.1510767583
0.2008393348
0.2043603503
0.7248157076
0.4944048092
0.1675167470
0.2008134987
0.8921557288
0.1940937933
0.0503820948
0.5894831585
0.3211646062
0.4126788036
0.3617083153
0.5481622782
0.6902900595
0.4039758238
0.5684335790
0.1327894444
0.6137666380
0.3728021888
0.9803531631
0.5139880071
0.2176841018
0.1220000414
0.3306865044
0.9856403086
0.6866987108
0.8472709989
0.9539126429
0.4725268763
0.4704541046
0.9192152573
0.1030329631
0.3560684664
0.4413984715
0.1219576953
0.3703614974
0.2301922293
0.4888639556
0.5996902211
0.5851037223
0.6874090875
0.3607904356
0.0781820290
0.7673244306
0.3839554796
0.2382683181
0.9019269100
0.6651614514
0.2794828533
0.0096633103
0.4820501454
0.5481042942
0.2603354013
0.9149447997
0.6177762635
0.0499148149
0.2708837190
0.4043093635
0.5274701928
0.5709983817
0.2831165254
0.2318615010
0.0978063717
0.8482918838
0.2834172361
0.3724471139
0.7971552496
0.9706212694
0.4032917732
0.5944035722
0.4652783725
0.9020740711
0.9603741705
0.3344967746
0.5943838847
0.1642067986
0.4520217414
0.5020489138
0.9032721276
0.8533065911
0.6041033277
0.8907520434
0.4322488689
0.2536526058
0.3027393021
0.5042237779
0.2807716895
0.7147565896
0.2823893473
0.3198008061
0.3829142612
0.1894103508
0.2385926036
0.8214088857
0.2547410793
0.0726512303
0.0689513575
0.3248024457
0.3997402280
0.8269004561
0.8944603834
0.1344118486
0.6830296513
0.7270349169
0.0262936611
0.4837981443
0.6031176320
0.9319337381
0.7362194043
0.9986547824
0.8118548603
0.6753795256
0.1189112669
0.0498012765
0.2944516884
0.9575960993
0.4107210219
0.3370045740
0.3351582253
0.9884943717
0.0845085575
0.1445559317
0.3815880309
0.0445239218
0.4104526153
0.8430652924
0.7756406535
0.2144658785
0.0476446683
0.3974150217
0.1437208133
0.5088313898
0.4599917236
0.7822487212
0.1750391541
0.9340805094
0.8506986302
0.9912662527
0.2322730605
0.7158023371
0.5033941314
0.0914172673
0.1779270655
0.4851920608
0.8409507669
0.1377971805
0.2960565066
0.8920182802
0.1672192038
0.9456134642
0.7262622180
0.1978807898
0.1752448744
0.0013262303
0.1448864290
0.8281399883
0.9783435933
0.4791004257
0.8581853518
0.0213066893
0.9273874240
0.2560194147
0.3180690663
0.4344686598
0.3521631274
0.5079904971
0.7929544075
0.1755950309
0.4925318917
0.3708445716
0.2161314010
0.2328252729
0.9072375152
0.6339277948
0.1901874647
0.2779605001
0.9120040960
0.9983951818
0.0655778191
0.2435018181
0.3913911099
0.6088960073
0.7906135818
0.9092636831
0.1432297014
0.2367016019
0.2163839336
0.4321090221
0.3639648667
0.9174553018
0.1931591893
0.1202572443
0.1413956070
0.8256517469
0.0743627300
0.1078285962
0.2742582241
0.3820847466
0.7584854786
0.3581667386
0.6204216811
0.0161416595
0.4829770642
0.5961566162
0.4574894725
0.9877396008
0.2072315608
0.9289466709
0.1394019987
0.2304786875
0.6485164621
0.7758280940
0.3367174568
0.9356486361
0.2886171067
0.0320151730
0.7646246284
0.9285024954
0.3960309662
0.6143787265
0.5616451239
0.6650261625
0.9010494450
0.7859918170
0.4303676678
0.2437063363
0.3266400636
0.0779049034
0.1259057505
0.0344689289
0.8174282923
0.8721102106
0.3547029121
0.7331543368
0.6366686567
0.4497480427
0.6461881941
0.9829559040
0.3490138292
0.7726020973
0.7679164943
0.4170613569
0.4676737241
0.0546736530
0.6732473712
0.5019964751
0.8772485101
0.3786050730
0.3081991065
0.8203529674
0.8177302955
0.8023197428
0.2524291393
0.2921097443
0.3342654272
0.7110279392
0.5819454106
0.7477226664
0.0299236928
0.1483524736
0.3476158177
0.9410571863
0.4860565280
0.2657187690
0.2829873227
0.8463084075
0.1464085735
0.8113012784
0.0047836968
0.8582177316
0.1563445736
0.3714855044
0.8134173306
0.1808427380
0.7211544409
0.6634700856
0.4336521610
0.4113685966
0.6534100999
0.4564255219
0.1081495281
0.5783006707
0.8120589838
0.3092159846
0.3729164182
0.5667840177
0.0749638779
0.8484222572
0.4959836699
0.2967163708
0.9295524298
0.7782899328
0.0934117426
0.3313717643
0.6063914416
0.0717155894
0.8868459292
0.4902600832
0.6384467643
0.6414044973
0.1247381723
0.1926692555
0.4011165929
0.9544991637
0.2362186189
0.7465192832
0.3912035674
0.2395952102
0.0906278784
0.2238384102
0.9221795512
0.2000495784
0.2420522967
0.0056713117
0.4931037582
0.8795127211
0.7253257266
0.2593015494
0.8626056820
0.0859617408
0.4510062957
0.1003712630
0.3700625407
0.2542040751
0.6096854220
0.8796650864
0.1940031796
0.3961413935
0.3560483244
0.5079618092
0.1698967811
0.8800455245
0.6655484761
0.7552279808
0.4169863407
0.5771987116
0.4343234548
0.3299508735
0.4238748754
0.3430242826
0.1875301865
0.7312305488
0.2563759435
0.8660972314
0.5726293589
0.3189552256
0.4297032635
0.6475906916
0.3074824684
0.2123581958
0.7624605164
0.0449773742
0.1963451078
0.5594898891
0.5240858577
0.4837263206
0.4517066779
0.4123882620
0.6755741960
0.5307976049
0.9822982740
0.4685499832
0.7613589728
0.4591896962
0.4374412747
0.9841302522
0.3773004521
0.8018951641
0.4165684097
0.9673286920
0.8965709276
0.9030976920
0.4926078614
0.6658036077
0.3339523470
0.6694229377
0.6867160861
0.0634004947
0.2319220295
0.4178432582
0.0469433535
0.1001451656
0.0409843665
0.2546611879
0.5408813740
0.8459766830
0.7704777544
0.1579787441
0.4672768244
0.5184289836
0.8653437886
0.3737500504
0.0394118260
0.4085378083
0.4208558282
0.2281072014
0.7710977286
0.0396858886
0.7753035475
0.0177550451
0.3626221814
0.5273039478
0.4399265906
0.6949223251
0.0654269411
0.9224235965
0.1966742937
0.8859132728
0.2555547310
0.1977812339
0.2297474334
0.2605391148
0.1122130302
0.7214761499
0.7903161863
0.6554637338
0.7135132060
0.7536081033
0.3257475766
0.9844298535
0.8939592784
0.8102304074
0.1570475545
0.9428864479
0.0600121748
0.3405031446
0.2310824948
0.6663435461
0.9444443636
0.6019969045
0.7841401190
0.0539462283
0.4400247442
0.4566443370
0.2081753669
0.4271809203
0.7433800112
0.1372780533
0.7835096649
0.4311613552
0.8656192607
0.0021745962
0.1573041434
0.9347303233
0.3786690157
0.2506681802
0.5991974541
0.8273681679
0.0923685797
0.4447301779
0.1735488906
0.5733175461
0.7081985763
0.7082962341
0.4308636024
0.9793996512
0.0680346638
0.1897733334
0.5617636553
0.8266533650
0.4376889840
0.9911634285
0.9638088168
0.9225974372
0.0706596108
0.2317512237
0.2677414048
0.3220469300
0.7851455432
0.4131646287
0.4547519176
0.3899354702
0.1956066378
0.0724432900
0.3258087915
0.7335440145
0.4708079697
0.1911187322
0.8280955659
0.6211446263
0.3088779254
0.1521986860
0.4111123074
0.1857607021
0.1019341733
0.7261839521
0.9634867967
0.9919775110
0.1507298112
0.6693188395
0.8396901811
0.5067553796
0.6108334760
0.8203313022
0.1313487911
0.3693651334
0.2248931133
0.9404339621
0.1051339903
0.9582344680
0.7241134246
0.3287577473
0.0412258849
0.6700126230
0.9297313062
0.8314953519
0.2011863088
0.9078610461
0.0595494480
0.7711018882
0.2062235416
0.7834906543
0.2925314919
0.7624365832
0.3875568440
0.6062644030
0.9821122820
0.4673768057
0.9874221402
0.9173048526
0.5204544939
0.7220734741
0.3198979854
0.8268555080
0.1708321263
0.8324600257
0.5532323038
0.8457664976
0.2913172617
0.1626074145
0.3638124620
0.0610321186
0.0844068815
0.4135260327
0.7199228472
0.2658753316
0.2409479381
0.1246224827
0.8256829684
0.4112585217
0.4200168440
0.6218720242
0.8376539720
0.0163464335
0.3897621028
0.0235554634
0.5794962991
0.1198218913
0.2588071463
0.9760646565
0.0746726584
0.6302753173
0.9472453654
0.5197921957
0.6798998716
0.4400013497
0.9878712765
0.5781164873
0.5235986359
0.9335758516
0.7778265476
0.7413215283
0.8972023494
0.6397065431
0.9152317146
0.3213030377
0.4041372914
0.6887833681
0.7068728692
0.3755033404
0.4966025244
0.6395326040
0.1492298640
0.3685695696
0.7671442208
0.9027693891
0.7388811197
0.8080605448
0.4864425117
0.7233051357
0.4913121492
0.9127494818
0.2870295353
0.5732091285
0.2022812784
0.6399981138
0.3868541583
0.1829608498
0.2543435384
0.0296336679
0.9121906460
0.5134907141
0.4212858862
0.4666101126
0.4213255754
0.1691751669
0.0922229950
0.3157855558
0.5770919635
0.5340750689
0.7491191423
0.3290804440
0.7717259177
0.2707869800
0.2533024546
0.0705097512
0.1135770444
0.6508809830
0.2154949186
0.0930537875
0.3965167556
0.7674949972
0.0633151747
0.7876431231
0.0570661888
0.7449640870
0.8797940819
0.2930457133
0.2570404999
0.7335277382
0.5484828194
0.6114079899
0.4200851375
0.3565406614
0.2747114158
0.4758767740
0.4705313763
0.8230087196
0.0055174819
0.8270453279
0.1547082991
0.9577537269
0.0464228964
0.7248766067
0.3687456239
0.8959274094
0.2980598185
0.6535671764
0.2518884061
0.5233862011
0.7150067574
0.0899257561
0.9558101385
0.4279969744
0.1251063587
0.2299633465
0.8282450415
0.3224871965
0.3469524006
0.1298136584
0.4494331116
0.7058607189
0.4182256780
0.4921055085
0.1569500527
0.1465744704
0.9907333386
0.9507941992
0.3461664473
0.0867055131
0.4887402280
0.4223836644
0.5763213420
0.7026962459
0.6042038374
0.4029802938
0.3748595706
0.9552426361
0.4169425747
0.8616886383
0.1274947819
0.5004881612
0.0031280314
0.4407066171
0.3394980227
0.9382088160
0.5576797765
0.2288211473
0.4224768905
0.5328416814
0.1632320549
0.8076073884
0.0276670193
0.1302571415
0.1193024814
0.2631350848
0.2099661910
0.2839780772
0.5250825748
0.1243649290
0.7363032064
0.5167772539
0.4046616635
0.5783869571
0.2550574810
0.4422190591
0.3218963129
0.9938860533
0.9406847733
0.8811172437
0.7918785381
0.1243936242
0.0228980399
0.7118787260
0.6492191389
0.6163121158
0.4897881585
0.5674265822
0.0011421992
0.4057681510
0.7896455151
0.1837203457
0.3222062700
0.4217660923
0.5756035774
0.2989231965
0.2289704237
0.9469838617
0.8625963932
0.4656507638
0.8264292702
0.6098632408
0.5699282593
0.0840785645
0.8439967073
0.3212638610
0.2604771868
0.2823075245
0.4090942405
0.4341747973
0.0741253924
0.6250640366
0.7372950141
0.1045967420
0.7886094352
0.3539088924
0.8243945013
0.8497098643
0.3707822338
0.5565375774
0.8230529964
0.6328313754
0.3491213357
0.8410257849
0.3858412961
0.4520634419
0.8313339449
0.8903320577
0.3161512231
0.3473697978
0.8183273134
0.6986533046
0.5145016881
0.1663749472
0.4326986894
0.5606649561
0.2571230961
0.9945802942
0.1599115346
0.9128020724
0.5597112560
0.8665593809
0.2560532072
0.0545835240
0.0197968822
0.2342886047
0.3579698336
0.8248246376
0.7666022515
0.1190059247
0.0108890048
0.1780892028
0.7729367756
0.4405241794
0.3426945608
0.9363649739
0.9697026504
0.7442696325
0.4085911388
0.9128192006
0.5996140638
0.0442690798
0.7669974591
0.3119275820
0.4434882936
0.1372295699
0.5234136083
0.5868736113
0.3266835668
0.1005656522
0.3695054521
0.8493829845
0.5676154164
0.8180721852
0.5704805126
0.7174981319
0.8703081373
0.4306396017
0.5290842548
0.0577922498
0.7307039396
0.3598932290
0.3784483746
0.0501162208
0.1923071960
0.0064267749
0.9046608110
0.4161386456
0.7077938094
0.4227428061
0.9775128571
0.7165371593
0.3031007181
0.0513298543
0.3867257226
0.0710133945
0.0291453773
0.9092850810
0.9737913449
0.9304395293
0.8940146420
0.7904060825
0.0634190879
0.9920958396
0.0484871957
0.6855726946
0.3370853921
0.1494887449
0.8036490030
0.8288855787
0.7670323878
0.0358983119
0.7591126957
0.6324406303
0.1279729820
0.5806295797
0.4340974045
0.4380337498
0.5202263283
0.2619088411
0.3215268264
0.4310782817
0.1962820414
0.2965133458
0.9929392255
0.3802717365
0.2409141875
0.4143429163
0.2279444888
0.5496222635
0.6564340820
0.4326689248
0.3101595697
0.3060863641
0.8572871449
0.5191282207
0.1324994906
0.2333951205
0.5680093870
0.0666591343
0.6017540229
0.7620518670
0.0218939379
0.9715912439
0.7274525987
0.2504753925
0.4694866411
0.7582097915
0.5683930251
0.3844344827
0.1542298045
0.3862669830
0.9916645244
0.7812308158
0.4200238135
0.3101614926
0.6710581178
0.1458115351
0.6566704782
0.8012008885
0.3596628176
0.3173572629
0.4977706045
0.5838550723
0.4843197184
0.2061319430
0.4729676189
0.9159877051
0.4521775741
0.7690760051
0.0828296106
0.2018949801
0.0668337118
0.7451384499
0.0643070680
0.0316600970
0.3819652378
0.6584863409
0.8224197882
0.8657043793
0.0535992671
0.3659965238
0.8756418581
0.3298623020
0.6498474660
0.7762582279
0.9863518532
0.3218811077
0.2344602014
0.5842437094
0.6131420278
0.8682816713
0.2322650006
0.1586634775
0.8488138524
0.8258398513
0.0999544211
0.3843195260
0.6031405156
0.6803219165
0.4643191154
0.4851797764
0.8647641542
0.5349203112
0.0169134170
0.9575868699
0.9399311469
0.3454873609
0.5919890516
0.6470668529
0.8925054121
0.5147937580
0.0184379589
0.2785879464
0.0564046810
0.3418170584
0.0049725879
0.4336719603
0.9882803849
0.4365979164
0.5615678257
0.0435284504
0.9329192173
0.1273978169
0.1586937854
0.6489567521
0.7580152210
0.3843652973
0.8218124170
0.8698271033
0.2356657886
0.9878584587
0.2838962287
0.2180654565
0.6669746689
0.0499202947
0.7875515801
0.1243759211
0.6861727362
0.7899761862
0.0114194880
0.9299143761
0.3509106213
0.0351613082
0.0874085773
0.8192371772
0.9880452435
0.6448748781
0.3425862676
0.9980714682
0.8852831913
0.6728923757
0.5407152590
0.6802228106
0.7408838543
0.0735712152
0.5097067254
0.0907986315
0.4414745540
0.2781420040
0.5144924227
0.3674747270
0.6924634578
0.1804228867
0.2671143199
0.1977894853
0.4850000165
0.2293618370
0.8332109487
0.2537584107
0.5555111747
0.5805695635
0.7171524768
0.5415947908
0.4796324498
0.9310293816
0.4593507693
0.0683594374
0.6969421804
0.6623863203
0.4356004921
0.1029971936
0.7637055407
0.0208525668
0.3633056398
0.1920353629
0.0538266017
0.6489870600
0.5581581206
0.3165406670
0.1062232933
0.3073199943
0.5023523763
0.5432023308
0.8074355721
0.0167819088
0.0202759712
0.1819746524
0.8205584577
0.9543406313
0.8706175104
0.1306615615
0.2094066227
0.2942670112
0.3883195853
0.8712781715
0.1041319266
0.6280578081
0.7508777397
0.2911030632
0.9824885578
0.9069857755
0.8950742746
0.1215776506
0.6520398089
0.1774096192
0.4881874476
0.6870572526
0.4245841552
0.9515486048
0.7742579645
0.3352512607
0.9708220097
0.0121400464
0.8242723961
0.8850278857
0.1636409779
0.2468383487
0.0158148328
0.6644415587
0.2750212056
0.9625934383
0.1230968492
0.3461045520
0.2863025524
0.3288328916
0.6703166193
0.3755005232
0.3029715735
0.7084730295
0.7772563742
0.7144536226
0.7554005448
0.5405262174
0.9814195430
0.1116657318
0.8434429476
0.8751181922
0.5049781103
0.6292424465
0.6974384553
0.7839001561
0.9812894062
0.1354012836
0.2951799480
0.6780799802
0.6581744452
0.6437945942
0.7699435601
0.0044611384
0.5175330937
0.5455372521
0.9917471931
0.7475206612
0.7845570095
0.9231040703
0.9654341196
0.7180029660
0.4957776483
0.8011603531
0.9195847786
0.9736213655
0.5766494406
0.2270880130
0.3664595581
0.9136547316
0.0099119189
0.8085968613
0.3022914270
0.9832093373
0.0578148061
0.7271456999
0.1676484486
0.7929685583
0.1998499772
0.6756420617
0.3340600662
0.1660979510
0.2412332915
0.3936974178
0.2423772103
0.4982817391
0.1189043066
0.2832740126
0.2150727770
0.3385398397
0.4230004817
0.3208684328
0.6108299255
0.1745389709
0.5743401701
0.3833867949
0.7348516640
0.2006069336
0.4873656095
0.3889409866
0.6268714858
0.9715076241
0.3030688704
0.5411515206
0.8919088549
0.4471633043
0.9020967466
0.5297900066
0.9909315979
0.7814394291
0.4597592219
0.9611198818
0.5119820292
0.4169411536
0.2500971764
0.5275663498
0.5061793993
0.3986287870
0.2622632395
0.7766744160
0.4089808216
0.3615565278
0.6022356375
0.3546041941
0.5434639951
0.9214374782
0.4177735582
0.1847331146
0.7730144319
0.0892838311
0.8381470264
0.7395880723
0.9421471075
0.7068430485
0.2674453407
0.4103825720
0.5360460330
0.1557180595
0.1973556933
0.1767168508
0.0115291292
0.7400907553
0.7145221800
0.8220780370
0.7491567973
0.9911361152
0.8661310680
0.7361978110
0.0996529521
0.8566410671
0.5065995965
0.8060919555
0.9769833119
0.8207648442
0.9662642387
0.0673659305
0.2531014927
0.1565666119
0.1986536804
0.9618372322
0.1113231026
0.6492185832
0.6493529143
0.6847243783
0.2646645757
0.0356235297
0.1307689486
0.3558628219
0.2914452448
0.7047410532
0.3530731558
0.9794024687
0.0413486738
0.7452370419
0.1390418448
0.7628252319
0.4258050385
0.3839661083
0.7913685388
0.4065264472
0.5419877199
0.7556636430
0.9705824605
0.4319975097
0.5407916836
0.6359713988
0.2872382636
0.2903625024
0.7648708663
0.2191198778
0.2228958824
0.6616913293
0.4400652479
0.1887941121
0.0548636940
0.6774825318
0.6712195188
0.1366763921
0.0545197502
0.2446007883
0.4509770063
0.8442825375
0.1973143821
0.9701804554
0.9948537134
0.5754803352
0.0592528052
0.3233517589
0.6071700068
0.0747625292
0.3296713638
0.5576652321
0.1009774242
0.5360171360
0.3740944458
0.4361916283
0.1847934454
0.6790259751
0.7770034281
0.4882306264
0.9374467341
0.9757577980
0.3001459029
0.6712578547
0.4604244711
0.5944892203
0.0072418465
0.5934450569
0.8989471376
0.0762491984
0.1112620336
0.8404682385
0.8604585157
0.1557587737
0.0092220133
0.0464949604
0.1697567067
0.0797890396
0.4394734730
0.8186350317
0.3092035791
0.4616971750
0.8488612151
0.4410102958
0.2196465070
0.5964880147
0.9958058814
0.3559982382
0.9569454237
0.5102348355
0.8021318760
0.8274241323
0.2433620799
0.9227499795
0.9904334746
0.9796407768
0.5943048917
0.0476218476
0.0840374749
0.7722723812
0.0604271937
0.9432577165
0.4041325498
0.5905184905
0.6885237638
0.1880923688
0.9236854949
0.8250970067
0.4956912956
0.6197793322
0.5047167272
0.2979664278
0.6130653542
0.4808101486
0.1166549364
0.8813309172
0.9395291213
0.3782885644
0.0801933900
0.2278480217
0.1687911396
0.9748715521
0.6608064941
0.6940846542
0.0530078185
0.3097124283
0.6916170779
0.8661195794
0.5468673728
0.9232043715
0.8211726757
0.8385199439
0.1329914819
0.7071294838
0.2499497480
0.1719347520
0.9676664050
0.0855365184
0.2213979538
0.6740654111
0.4600097075
0.9347567458
0.5206686039
0.6961382249
0.9808870264
0.7322062787
0.5596793786
0.2801173857
0.2181994503
0.9156124914
0.1281502166
0.7881542841
0.5353632834
0.1413253819
0.1333394780
0.1903542614
0.6130375512
0.2988163967
0.1135211975
0.0474375190
0.1244174760
0.2628647992
0.9337524373
0.9274357118
0.2361282327
0.1541828018
0.4185837386
0.7208573588
0.1025558504
0.7022875412
0.1510315955
0.0356815881
0.6850225863
0.9840481233
0.6018282029
0.6321783278
0.7486038699
0.5569755578
0.6012135315
0.7213296709
0.4626760731
0.9520431735
0.4396937376
0.6334278562
0.8335461701
0.5274670160
0.5037303928
0.4399702673
0.0108960316
0.5780958804
0.8186820604
0.4224498967
0.6603395723
0.8874202384
0.9110842320
0.8968632492
0.5529466820
0.8313660094
0.4510773931
0.8651105546
0.3832489772
0.0703663583
0.6383838230
0.7749871211
0.9507086225
0.9188404010
0.0639598970
0.2322831565
0.1752307210
0.9584658471
0.5587877148
0.7555233773
0.9635693179
0.6884564790
0.1547264280
0.7018171133
0.6138583659
0.6296090852
0.7503839941
0.6021415196
0.7207205163
0.2948391371
0.6249876223
0.4640779037
0.3754445608
0.0226682053
0.0305724627
0.6831815507
0.3228167924
0.9675063454
0.8557468043
0.7193068732
0.6319211829
0.5126477725
0.2606944670
0.7343139638
0.0652077223
0.5378683058
0.3998951713
0.5733731489
0.5985097106
0.0424258167
0.9658062937
0.4991067552
0.2635866944
0.2849673096
0.9316107429
0.2196878043
0.8978579308
0.7533463987
0.8378287477
0.2901755153
0.2832567433
0.1936944381
0.9583719930
0.2848950115
0.8647520331
0.8805117694
0.2136816985
0.2301298896
0.8638596639
0.5953305889
0.1458036813
0.7513277943
0.5577185857
0.3776893559
0.0406731573
0.8855009002
0.3809720952
0.6640647257
0.6589100076
0.5767210104
0.9160400304
0.5929814211
0.2564166221
0.6999826234
0.4034891694
0.2231156851
0.4821293090
0.7160004350
0.8762626865
0.9125552464
0.3119660043
0.4374637730
0.1011446990
0.6666156293
0.1791828922
0.5106925277
0.1421564359
0.8168907641
0.4530516611
0.4589571285
0.3721757565
0.7099431229
0.9679790789
0.0742025972
0.1349584166
0.2200213098
0.8488130636
0.6842356271
0.8738035801
0.7409851637
0.9966521386
0.6824696802
0.4494443956
0.7093896716
0.7991241317
0.8600975250
0.0618516245
0.4494814338
0.5036873692
0.0215952444
0.8407911523
0.5258627434
0.8527117423
0.1821120443
0.5270788088
0.7791891008
0.7742024838
0.7225955972
0.0636210052
0.7606300374
0.7711727611
0.4916839074
0.8853874660
0.1778246024
0.6771251971
0.4227601691
0.1576680462
0.1918600936
0.2012652731
0.5071685151
0.9230795620
0.6622578690
0.8942513302
0.4665956348
0.8835917495
0.4572924903
0.8398850984
0.3416375449
0.7736342512
0.9784419398
0.6944051907
0.0354715342
0.3866925031
0.4592542620
0.2553517287
0.5740658902
0.8874265285
0.4049804084
0.7880969305
0.0785354307
0.0562607267
0.6818789000
0.9672732211
0.4867882906
0.5321185205
0.2908538818
0.6514424281
0.9772903704
0.0281612161
0.6475477905
0.1770671121
0.9507240181
0.0787272947
0.1024008084
0.2158740453
0.5658526461
0.2520971813
0.9592390333
0.5184599801
0.2882173733
0.4710394941
0.8092821786
0.9861237101
0.4540986492
0.0666084814
0.5973600137
0.6080461541
0.6396522803
0.3742086924
0.9861055533
0.6440601665
0.0073602785
0.0787511374
0.8038995400
0.0048956169
0.3532689455
0.8869707206
0.0256827690
0.4454697987
0.1295068300
0.5443123031
0.0241981610
0.5564444970
0.8443522673
0.5598570606
0.6783772848
0.9007429887
0.6314945682
0.4980534570
0.3214251183
0.0534201716
0.3025947572
0.1691597612
0.7082814805
0.5813728850
0.3200840216
0.8618942483
0.6473055745
0.9344136099
0.5132178361
0.4188748551
0.1440367640
0.0711751522
0.9775095893
0.8779793600
0.9623776042
0.1335193451
0.6451477999
0.2651711128
0.2059726294
0.8477835404
0.4838489130
0.6233496295
0.6206226151
0.1063717508
0.5188702341
0.4240235236
0.3151310566
0.9343580779
0.7540437243
0.6378139150
0.4650398085
0.9856226161
0.3018797328
0.1010006980
0.4047508251
0.1340146276
0.2047142332
0.9500544391
0.6736325442
0.1264344442
0.9553338373
0.8420687893
0.5728850142
0.0298506892
0.2007717774
0.8415219358
0.8713762718
0.7081211456
0.6217996078
0.8197101396
0.5976862582
0.6456579170
0.9209626736
0.4035755459
0.4500727461
0.3254820332
0.1358335371
0.3632462282
0.9663849108
0.8774508440
0.8602395420
0.8563853099
0.0677975555
0.0007150244
0.0681590632
0.3035306554
0.4473582574
0.1153697884
0.9118398091
0.9736730303
0.8079791657
0.5578839988
0.5768060658
0.5711517498
0.0413244630
0.7767378119
0.0364574242
0.0910013324
0.4253981994
0.0233481921
0.4454609733
0.6082863712
0.2021256235
0.5628862394
0.2197740835
0.1705498690
0.7808897176
0.3830366970
0.0607772954
0.3487461458
0.0569072340
0.8938041822
0.7814286052
0.3972422529
0.9849075917
0.2337206696
0.7974700426
0.9573925677
0.0186448392
0.2928744240
0.9763814088
0.8656533785
0.5685504454
0.3785277715
0.2709170395
0.5315605512
0.2531128773
0.1643143532
0.7505206033
0.4459780724
0.6847729535
0.1763386345
0.2114237683
0.3955606348
0.0827716776
0.7011885901
0.2330256770
0.6691830285
0.9424453362
0.0750562417
0.0145000824
0.9094776768
0.9836466617
0.0788109369
0.4591430569
0.0828899638
0.7669943548
0.2706890206
0.3461380877
0.4287134182
0.8224953644
0.9354584003
0.1080196519
0.2394287203
0.1793562272
0.3058890263
0.0395911986
0.7882115857
0.6124234586
0.2859368209
0.6450232601
0.7406252459
0.8470095576
0.2340372049
0.2127257365
0.1193539459
0.8616976493
0.9867484065
0.5013668404
0.8384443814
0.3079804553
0.0462772130
0.4392684690
0.0732605722
0.8149932454
0.3222855482
0.3143522891
0.2179132370
0.9630316490
0.4513319549
0.5286791495
0.1961494748
0.3574160237
0.8683617569
0.6262246581
0.3891942182
0.0726387452
0.2313258409
0.7433489655
0.6406894187
0.8783775324
0.1054973433
0.7053528265
0.8377633959
0.9423014296
0.9986980319
0.2762066889
0.2210740283
0.7144401836
0.7316588365
0.8307386471
0.6344648809
0.0287790288
0.5752316134
0.8362171046
0.1686534163
0.7565253886
0.1447907678
0.8649767268
0.8039627058
0.8193570657
0.8174589382
0.2325639435
0.4650793407
0.0670966434
0.4817949937
0.8502345021
0.1067174820
0.0745631855
0.2962422330
0.1475221670
0.7340459262
0.1804394776
0.9396704336
0.9028618499
0.9047081280
0.2353391731
0.9365190476
0.8982799175
0.1472574657
0.2550895700
0.6706281933
0.2039795005
0.2792014265
0.4710455995
0.6030513644
0.9046071559
0.0584678567
0.1774947804
0.4493755623
0.4139505312
0.1436745833
0.6338730168
0.2961152060
0.7310701341
0.2903193803
0.3865667632
0.7759901560
0.2824767362
0.9980755597
0.9350836078
0.5958267986
0.9066434925
0.6979380548
0.1658269096
0.8024909765
0.9330552679
0.7069622565
0.0621789843
0.3779267713
0.0738165626
0.4593506136
0.0610306432
0.6267591466
0.3552634543
0.5577334292
0.9721802490
0.9316099487
0.1101855596
0.5790306083
0.6954152056
0.4510261956
0.6602881224
0.1854840489
0.5213437322
0.5014938094
0.1747599604
0.6805298802
0.7058048377
0.5677577659
0.1086419223
0.1394795776
0.7004154345
0.2408786745
0.0361078715
0.0146125680
0.1371794571
0.9698065820
0.1977458716
0.1731601888
0.5585922762
0.8244633549
0.6879068521
0.1940589268
0.0438690467
0.8487160462
0.7214679973
0.4988653505
0.6714414157
0.7944215963
0.4794372485
0.4820795748
0.9983493666
0.7536624088
0.9581905344
0.1125292846
0.7946213966
0.5563101737
0.6097895002
0.6807619255
0.2082323901
0.1738348139
0.8585959821
0.2346681734
0.3549481241
0.8705356210
0.6833254868
0.0286474526
0.8326843945
0.7353093963
0.5338020677
0.5035867081
0.5534634164
0.3859097105
0.2652916868
0.0171615965
0.7780431004
0.6337954570
0.0588680787
0.3007388334
0.1371883524
0.6307483111
0.0969510335
0.6970658390
0.6973637869
0.7020975880
0.0729547642
0.7267223356
0.9451836357
0.5649704602
0.9997679547
0.4975724476
0.3939229520
0.2500459401
0.9048114043
0.3454673104
0.3703430535
0.3527823847
0.9859651154
0.3044950626
0.2344971857
0.6639438038
0.6695734807
0.0051288598
0.4385536444
0.4226151654
0.1768973303
0.2658259463
0.2149205892
0.6625999186
0.1981265171
0.5342530633
0.1636732852
0.3824862150
0.7850137358
0.3009855797
0.0515648208
0.8852357702
0.3858069491
0.8494377609
0.9913397135
0.6100215455
0.1831894779
0.8143094380
0.9237888738
0.9537845779
0.8892008630
0.9846050706
0.5177532363
0.6973603714
0.7241523900
0.5981872088
0.0713655925
0.8642285871
0.4984578483
0.1149097720
0.9632945451
0.0883943564
0.7513356502
0.5631225113
0.9711955384
0.8607415616
0.7664857700
0.9735150672
0.2482620961
0.3119372976
0.3960802593
0.6457989661
0.8168618178
0.6871478152
0.8772845747
0.9538439222
0.9549489147
0.8165784768
0.6832630096
0.4701340783
0.2962613623
0.0156105413
0.3608622399
0.8525898172
0.6554220133
0.2618127254
0.7063078538
0.1631315932
0.7997152168
0.1711156323
0.8902190878
0.4752590993
0.3342208089
0.4255616802
0.7027034351
0.2437250507
0.8018583570
0.4316407471
0.5607379961
0.9154111890
0.0705489174
0.3889334766
0.6551866136
0.2347030030
0.1980879550
0.5085223744
0.8955938387
0.0363907988
0.7934430687
0.4999264683
0.3441753597
0.6275275115
0.9381740366
0.5283386231
0.1320152533
0.8623312230
0.4355476460
0.0178445362
0.4350556156
0.2716503757
0.6931129547
0.6082387605
0.6396506727
0.6290737362
0.6628326763
0.0486322151
0.3193974606
0.1693371815
0.4291008145
0.2057477740
0.0581038782
0.1777131788
0.9230038210
0.7408936457
0.4110959632
0.6187738628
0.1786254408
0.9816907360
0.9174531234
0.1615058460
0.3166520085
0.3390876498
0.8426065668
0.3580873257
0.4872719182
0.2288469865
0.9902585942
0.2198743673
0.2439681892
0.2712522381
0.8914812174
0.1066022620
0.5628768718
0.2505684151
0.8461853631
0.6713881327
0.3769294651
0.3833059745
0.0743878692
0.3727575424
0.2258929731
0.5026341179
0.7376980103
0.1475450964
0.6480398309
0.2440906504
0.6159291402
0.0194625142
0.5268316384
0.9781407153
0.8748849528
0.4767910602
0.1608388185
0.5015687930
0.2694401858
0.4509021184
0.2994916366
0.1417566591
0.6424568557
0.1915794568
0.7465922981
0.5435743982
0.1650481137
0.1302360829
0.3576703454
0.7934653096
0.9576856036
0.2859032112
0.6653262406
0.2450095913
0.7965796391
0.2032078414
0.7031136561
0.3204058680
0.0301680824
0.2749639901
0.4968029953
0.7951668230
0.5993113485
0.6517938024
0.0035500207
0.0425681706
0.6847147858
0.1558131900
0.8375188569
0.5731663810
0.9071852073
0.1877802816
0.0870903274
0.3478017386
0.0282949106
0.4973758911
0.7276778399
0.7264331037
0.9763661792
0.2052065264
0.4571031054
0.8884997595
0.3854849214
0.7116032244
0.1382963832
0.2778082302
0.1695497010
0.5227793170
0.1822282499
0.7075299279
0.8725811062
0.1512368356
0.4489238274
0.0166177916
0.3676687119
0.5232816177
0.9355725446
0.1901701670
0.3209778702
0.3233199616
0.9284024120
0.3622549785
0.2631218368
