0.1809609232
0.1058917084
0.0171099057
0.5009160532
0.6285990469
0.0868847264
0.9390814569
0.1218898371
0.7968989091
0.8706537315
0.8940128961
0.5498527318
0.5743919250
0.8714222043
0.8681635334
0.9978811802
0.8867181988
0.8792195190
0.6599494797
0.0285658500
0.7216308593
0.9073789067
0.6270758784
0.2407712772
0.7485133039
0.8837901053
0.0928875601
0.6648650457
0.0920564411
0.4260070078
0.2052067962
0.6174718289
0.5342051910
0.8700751553
0.1517726223
0.8716051174
0.4543711535
0.6863061245
0.2659285498
0.2292159819
0.4015650441
0.3297287631
0.8444653068
0.5436324485
0.9197864681
0.4893696308
0.2238223707
0.0499597146
0.8728336317
0.9760487953
0.4077497387
0.6902268313
0.2781164565
0.4165334745
0.1453883509
0.7668995295
0.8432149582
0.7282831870
0.0409738475
0.0003063959
0.3069820219
0.0397237567
0.3327439510
0.9217064851
0.2192435052
0.6646041107
0.9801589539
0.2540456372
0.6954711455
0.7459053666
0.1397246860
0.4834970998
0.2389538648
0.8563730707
0.1869703851
0.5325532463
0.8133781824
0.9215527813
0.2931731552
0.8243368329
0.1537014939
0.8515523191
0.9360097966
0.1109468612
0.8303263480
0.7304686570
0.6394156040
0.4318107218
0.9161732592
0.8601007271
0.3738712988
0.2448016425
0.3476842195
0.7564964930
0.1881576366
0.5481514660
0.0044934421
0.9945915589
0.9492868107
0.1252348488
0.5195471300
0.6915432080
0.6268670711
0.2356303913
0.4876411470
0.5634103845
0.8852111963
0.6745054259
0.9172347584
0.3955304236
0.1840573135
0.1197677154
0.0457913745
0.3550626635
0.3990956205
0.9620321279
0.9373957710
0.3420692563
0.2951778705
0.4106312771
0.9930015119
0.6899557095
0.2539200223
0.9706001049
0.6078313253
0.3677938778
0.2228474561
0.4506911634
0.2300196026
0.3353413431
0.2776690228
0.9246096919
0.3186407682
0.9100195314
0.7387493884
0.5332970424
0.9894778371
0.4228261514
0.0232567454
0.8567020954
0.9975751916
0.0315924097
0.5095923795
0.1101283286
0.8383745211
0.3168521345
0.7981716998
0.4891059345
0.2681310181
0.3223127520
0.4119052525
0.0770821043
0.0875465412
0.9937908650
0.7485852473
0.7936797585
0.5495309689
0.1875177274
0.6824626325
0.3107686191
0.2203032662
0.5805009688
0.0418437174
0.9084337533
0.2941516038
0.5478188396
0.0886660791
0.1734272869
0.4618414358
0.8871325333
0.3041524121
0.3732084313
0.7902290848
0.4539789709
0.7683097522
0.8109244420
0.2414803005
0.9558356799
0.0066835548
0.6290778535
0.6262178916
0.4314663119
0.6604034056
0.2905942135
0.3321167719
0.9080151637
0.1451906536
0.9579188845
0.9356320567
0.2431114892
0.2596039324
0.2107274696
0.0781476790
0.5299654055
0.5262929726
0.7131034758
0.7116697247
0.6097333183
0.2794404849
0.4129787309
0.1364001667
0.6855105039
0.5756577052
0.6541434049
0.0889766555
0.5159528034
0.1180710241
0.9669220015
0.7591442870
0.2156602909
0.9941562071
0.6068398462
0.0657057868
0.7260896594
0.9569696627
0.8622379165
0.1263922268
0.4007006142
0.2516384362
0.3259450520
0.8880268102
0.6085418135
0.2385561833
0.7713839484
0.8686259452
0.1899636451
0.6510797427
0.7183129980
0.1193917346
0.5887413882
0.4130356106
0.8160658371
0.3058324524
0.8864709463
0.8142416250
0.3819250186
0.1594055330
0.8495832502
0.7047792249
0.2024550890
0.2362695677
0.5112461242
0.9949678991
0.4667062560
0.0989152865
0.3406296830
0.0986968810
0.6899789423
0.3910262862
0.9320018033
0.6744231375
0.5984137994
0.9810768770
0.9684829890
0.1448666903
0.0343839386
0.7949568102
0.7672777592
0.2332385262
0.3809421222
0.6348450749
0.4263626734
0.0589451121
0.0502650440
0.3304172654
0.9378774190
0.0606116874
0.7959214637
0.1818726214
0.2837649989
0.4526932288
0.9349494854
0.9833419757
0.3990423323
0.9683574781
0.6395876778
0.4748894333
0.5365652108
0.2403371058
0.2636005016
0.7044469223
0.9710522195
0.2988347889
0.0921353583
0.1690680975
0.9824022332
0.7124973299
0.2228452562
0.4953447880
0.1906945551
0.6169905046
0.5389077316
0.8403528503
0.2916257867
0.5021015020
0.1666353978
0.9351930563
0.9376619717
0.1711719828
0.4160260022
0.4532353585
0.2090320270
0.6411887507
0.7200209280
0.6575328757
0.1753888521
0.4378278181
0.1287605247
0.9926719680
0.0909140821
0.5355506970
0.1906512835
0.4497655933
0.4053759346
0.5952560026
0.7382437713
0.9677135246
0.3683192763
0.4601171276
0.5314881804
0.8964997515
0.1810502977
0.1541267575
0.5635951917
0.7978978965
0.7988776675
0.9884414530
0.9461847187
0.7681299591
0.5336460111
0.1788557275
0.1992183056
0.0020515220
0.4156673153
0.5665506863
0.8650583589
0.2757466684
0.1536384575
0.9175605926
0.4355544527
0.1300892640
0.8223207605
0.5574162224
0.1931418015
0.6879592805
0.0673741996
0.4573527979
0.5759352282
0.7061116094
0.0296692803
0.1941142906
0.6544685108
0.9593532233
0.3463676563
0.0823791412
0.4506192224
0.3217719319
0.5609177728
0.4420686926
0.4586032956
0.6819736761
0.9934201017
0.4222937551
0.2191300915
0.3955703052
0.4717954840
0.2002816874
0.0218289148
0.4248055127
0.4390603937
0.3425173142
0.4469606395
0.9508466172
0.4769625072
0.8880496443
0.3731881960
0.7802750843
0.6622785916
0.5578913092
0.0223256692
0.6818188086
0.6839852834
0.1702774337
0.1876919170
0.6312430540
0.0193453228
0.4483966288
0.6188871506
0.3986303655
0.7373752654
0.4184258215
0.4840629325
0.8204695245
0.4393859651
0.4598859181
0.0118810726
0.4907876016
0.6688281583
0.9039374948
0.1774732050
0.6923036777
0.4822883989
0.1712467897
0.9714740123
0.2869207291
0.7465928058
0.4775418542
0.8307464274
0.1966304818
0.3629580240
0.9355085791
0.7621853127
0.5295503433
0.6498602804
0.2345378495
0.0563054479
0.0356807390
0.1268942496
0.1128859227
0.2253192803
0.8744237524
0.8105243154
0.3680954710
0.3043294248
0.3612969566
0.7808913713
0.2247420057
0.0128041643
0.7429417893
0.3024104329
0.3525894742
0.0754604229
0.8410761466
0.4623353262
0.4024669402
0.2923883834
0.7093556268
0.5959229161
0.4347883760
0.2931078613
0.0863685178
0.4414800343
0.2901793368
0.1558088937
0.7687443931
0.1147537050
0.0729416506
0.9684940236
0.7867655723
0.0464228085
0.0482525315
0.2560702321
0.9847057434
0.2721782826
0.7365957048
0.6464689588
0.4080012164
0.0108397087
0.4918805099
0.0484097264
0.4903458899
0.7805533462
0.8767088187
0.9077337300
0.2726763211
0.6623106842
0.6068101022
0.6097259986
0.9521871548
0.4240609374
0.0548884545
0.4193033779
0.7711897057
0.3613844325
0.8777478548
0.5216710277
0.1226096217
0.8553815282
0.4215727229
0.7770960723
0.1954062255
0.4848636260
0.0306565879
0.6264685496
0.5354084773
0.7128560390
0.4270293045
0.7589930328
0.3749903741
0.8370982510
0.1261892902
0.6927090713
0.5752089612
0.7071465896
0.1551357054
0.0724788499
0.9816992487
0.4289560825
0.4144964045
0.2319197511
0.8653252400
0.3013132440
0.9052012236
0.9050894777
0.4484218498
0.7630041111
0.2780249609
0.7754867961
0.8030560095
0.6747842014
0.9195529270
0.3211075508
0.5487241827
0.5226656934
0.9997830835
0.6085295144
0.7658530939
0.5443940894
0.8251217162
0.1198513232
0.5310037798
0.3254975574
0.7419057646
0.3838847042
0.8379572157
0.4122762888
0.7648412055
0.8698755113
0.7931221033
0.1594004662
0.1359803144
0.3603877579
0.7571008561
0.7468243895
0.5219872828
0.8137991173
0.6601766111
0.1746141756
0.8664701012
0.3099686540
0.5032393936
0.2098243965
0.5125444413
0.8384794070
0.0142423263
0.2933848866
0.1573653381
0.2785308391
0.1943240848
0.0799727971
0.9448810624
0.3376078793
0.4233429978
0.8571697998
0.7282982680
0.9551442230
0.0701480884
0.3728711569
0.1898165891
0.6741897361
0.5472722425
0.4020453954
0.7021051424
0.8334671717
0.9199375169
0.0123822942
0.1253238370
0.4895951945
0.4888373615
0.4982874333
0.1787293418
0.9354318202
0.8780838624
0.3784110576
0.4988334661
0.0828222193
0.4725376585
0.8490005016
0.8194320052
0.6359812485
0.3974450527
0.6536023359
0.1783442459
0.0429265600
0.2181767371
0.6296384919
0.1231144794
0.3706716348
0.0133766926
0.5337486497
0.3485656067
0.0351704191
0.5068566561
0.3099280435
0.8036911872
0.3573148914
0.7965192414
0.0248201990
0.1337444792
0.5434734355
0.0067494430
0.6610051448
0.4679215251
0.4194563067
0.8649486789
0.0935959667
0.7664054505
0.6982186128
0.0789293073
0.7456176405
0.7608187666
0.2647051255
0.9722864598
0.9933865798
0.7740924206
0.7374952159
0.8599723595
0.8504026917
0.9401389286
0.2302015343
0.6699858249
0.0407738412
0.2591786691
0.0216423625
0.6599380165
0.2874643727
0.5263520218
0.1596226885
0.2803157277
0.4155560136
0.1185932325
0.1698575522
0.0396124927
0.7405019042
0.3765973177
0.7068340391
0.4531042575
0.4905166295
0.3316992005
0.9334370589
0.9425945125
0.9774036344
0.0867860487
0.6606302216
0.7558767044
0.9329060536
0.1653415031
0.5208479606
0.5285737995
0.5385627341
0.5940443492
0.6299571312
0.1459756691
0.3654929928
0.2105956390
0.5365411920
0.9026447863
0.0226514917
0.4718581433
0.7875851085
0.6096395152
0.1396661953
0.5910861532
0.1998115117
0.6527823254
0.7556618300
0.0686776786
0.9174212926
0.8334713241
0.5880362783
0.6214216403
0.8528200966
0.4620695198
0.4446184631
0.6882908587
0.5416762572
0.6335046223
0.3323792045
0.4325518563
0.3056367628
0.0943921927
0.6762218008
0.5997426480
0.3418662622
0.5885201381
0.5253545153
0.0109396019
0.3312700562
0.8413790140
0.4826414002
0.8328764891
0.9718662773
0.7450500851
0.5116887321
0.7246287911
0.2471877795
0.4292911367
0.4411117392
0.3301108296
0.3249394680
0.1545297303
0.3166720568
0.4856894914
0.7435035982
0.5300195682
0.1958693059
0.2182991713
0.8818634601
0.7956816125
0.4015230169
0.0838705057
0.4918473597
0.7801631352
0.1982853783
0.8708281559
0.6761175477
0.9290035988
0.4698774643
0.3721611832
0.1338852348
0.7442696832
0.1678115582
0.8753711190
0.7948795243
0.6759231949
0.9138112481
0.8279937296
0.7731083256
0.0131142310
0.6853500152
0.7739624621
0.3342916337
0.9286189429
0.3448060279
0.1086760377
0.1328434934
0.7784340588
0.5075116796
0.4763663072
0.9953484044
0.2844427840
0.8160205426
0.2545988484
0.4079033601
0.5041970703
0.0134466448
0.0317284381
0.6412238729
0.0100401342
0.7275228533
0.8000204487
0.4371378240
0.0120901555
0.0240644928
0.9408943864
0.8564584461
0.4670022517
0.1651518156
0.5717037668
0.5704820340
0.6654575575
0.9998165109
0.4350620768
0.0240428904
0.1229174476
0.9807632581
0.4115230288
0.1922162144
0.6701603853
0.3202980251
0.9050769413
0.1968176709
0.4325155996
0.0308593254
0.2794671946
0.5858549699
0.8568645213
0.5737033911
0.3336573375
0.8034531614
0.1499490098
0.8993712589
0.1238069542
0.9463679162
0.8219405343
0.2634975530
0.1788113614
0.0250252876
0.6958563128
0.1823267581
0.3878021643
0.5641451244
0.4594712438
0.4967553631
0.2879790491
0.9540228031
0.6920248222
0.1463816879
0.9570445287
0.9933834356
0.0738933974
0.8888687218
0.8035643503
0.7694160070
0.7650896392
0.4206532581
0.4616217208
0.3507768104
0.9406398410
0.2410658662
0.2674399046
0.3734975350
0.7806822255
0.3657262084
0.9911529256
0.5759258165
0.7045279217
0.5157200524
0.0757380756
0.4111380524
0.2255313648
0.1290480146
0.4617698514
0.7651930087
0.6953854340
0.1098762199
0.4350058668
0.6994726906
0.2375567262
0.3337260853
0.1809987384
0.0930242728
0.8930759489
0.0984464567
0.6630937709
0.4452308956
0.4877238265
0.1617325487
0.1228914735
0.5993653369
0.6034098164
0.3790288012
0.4899038687
0.4169719142
0.6319297619
0.3944634126
0.2432019835
0.3934108621
0.8462220327
0.9139471015
0.4093478558
0.9493668715
0.1098134511
0.8664809875
0.8635649105
0.9315412757
0.2341543415
0.2406878244
0.4111885008
0.4758718316
0.2774184718
0.1327923995
0.6520925846
0.4817916572
0.4807226175
0.6647347888
0.7349496625
0.4848293279
0.9053331500
0.4362731166
0.4127684461
0.9165571469
0.2837932878
0.6138317203
0.0769312008
0.8229889255
0.6316833948
0.0397730030
0.1999089518
0.8176960339
0.5127651496
0.2495568071
0.3919891840
0.4784889303
0.1381330402
0.2839340228
0.8509211969
0.5923174048
0.0917439651
0.9631952568
0.3734265838
0.7479839735
0.9836303064
0.6721360309
0.3493351335
0.7395438045
0.9258340830
0.8342499212
0.0190248333
0.3431389063
0.6370620219
0.0491867707
0.9401949287
0.7566256592
0.1279524381
0.2426059036
0.0472977952
0.8292532021
0.2566547288
0.7371625524
0.8352160236
0.6911920641
0.7130841438
0.1520418803
0.2172955004
0.4450322029
0.1564034425
0.3673852814
0.4964698160
0.9692910097
0.8743356133
0.6205899174
0.5719358829
0.3625986506
0.0538702601
0.0101742965
0.2526956167
0.0935898420
0.8980879927
0.3517755185
0.4912632267
0.8018721397
0.7022597895
0.0205389599
0.2363793139
0.2644196832
0.9106890169
0.1152592955
0.0990238027
0.1010725350
0.0468140411
0.1855037820
0.4964910057
0.2852064439
0.4851446480
0.4634747103
0.2691188971
0.7683281446
0.5344659475
0.5331206214
0.8373254492
0.7806705473
0.8496754412
0.4945353729
0.7785802487
0.7437785621
0.2890965053
0.7851508455
0.9413316114
0.4049649297
0.7918166169
0.3305358327
0.3674211159
0.5616228963
0.1968345675
0.2483867804
0.3094926901
0.5314493143
0.0974238080
0.2811338055
0.9612489940
0.9696877309
0.9548760516
0.2402994860
0.8657477242
0.5961778969
0.1087484548
0.2256184494
0.2426255173
0.4214656944
0.8479227482
0.5674392274
0.1775956523
0.8796940891
0.8336171449
0.8495894503
0.0272040472
0.0628173561
0.9961637943
0.0099041263
0.1901707177
0.9195473007
0.3933817396
0.8893765566
0.8652182179
0.4099485234
0.1668257127
0.6658403595
0.1033280642
0.1388826070
0.8086674254
0.9985070705
0.3788404079
0.2634382339
0.1481852661
0.0411530321
0.9235981978
0.5349120493
0.9304127785
0.7615073120
0.8312746129
0.8759425027
0.8127182498
0.2888712535
0.5977034001
0.6854777490
0.2609634745
0.4072380217
0.6142369432
0.0540036197
0.7327410487
0.4506752808
0.6973799682
0.4165956507
0.2081427400
0.5257984489
0.3046711081
0.0549601840
0.4089109715
0.1464580829
0.5037998078
0.8380376801
0.7945056912
0.2202508414
0.0798902296
0.6688025902
0.2747190458
0.4368869174
0.1271026776
0.3183361005
0.7482958921
0.9401850921
0.5135491134
0.1188597594
0.1766150939
0.8804973090
0.9855804553
0.4390696516
0.2520537534
0.1727174468
0.8844973679
0.4417945416
0.0353491549
0.8701132741
0.2186449784
0.3079108399
0.3260522122
0.0972704846
0.9642855922
0.6010964757
0.6053997753
0.8901981478
0.6991018518
0.5346500297
0.2784948566
0.2599716676
0.4963217492
0.0429439663
0.9886040259
0.9722350887
0.4016563396
0.1108293136
0.3472824353
0.5351574725
0.3210546073
0.9526555283
0.3911909877
0.3675874542
0.7475641218
0.4199566149
0.9286674623
0.4022921731
0.7666330542
0.7029256945
0.8311921842
0.5078542050
0.1163354958
0.1141456538
0.9596567553
0.8012269170
0.7799119064
0.6059788831
0.7120371492
0.5936498735
0.9554023242
0.0026571861
0.7326518755
0.4673040833
0.4239051497
0.7481746393
0.9331264330
0.2948161612
0.2333865831
0.2716853149
0.2623148544
0.6906182783
0.1702256617
0.7091863062
0.1983342082
0.0099009108
0.8165496667
0.2447010859
0.3022799042
0.6237413511
0.6779304215
0.1883453678
0.6818859308
0.4007089534
0.6559105029
0.7885635691
0.7905702303
0.5554256997
0.8255876678
0.3073682354
0.5388000058
0.0500886633
0.6608985545
0.3750447129
0.9470198426
0.6267700066
0.1960882128
0.8330966095
0.7771901802
0.0987856752
0.8510040368
0.5277655137
0.3586736672
0.8326497339
0.9723032541
0.6930624745
0.4091779865
0.4735331732
0.1595005685
0.8027463076
0.7069050086
0.4728288325
0.9124677253
0.0345433989
0.0048354469
0.3989316611
0.3345913346
0.3676939270
0.2096535661
0.8854432139
0.7171128679
0.7749257594
0.3867929959
0.0957809002
0.2107511373
0.3943327546
0.4946972651
0.9382859446
0.2868435893
0.4244593775
0.8608288247
0.4833308451
0.1712809095
0.6198768329
0.1677815710
0.7246611769
0.0306392137
0.2137903964
0.3744397017
0.4686982584
0.1424793224
0.3993903305
0.3041174382
0.2284344386
0.5885401666
0.9986392665
0.4709903668
0.0856025080
0.4405750664
0.0312757168
0.8318326241
0.3698907982
0.7483808752
0.2153206868
0.7636425228
0.7565840509
0.0830524193
0.0125328689
0.6282858472
0.7270750205
0.9729233512
0.5668209562
0.1717763506
0.1275051321
0.7424551297
0.9189224675
0.4263688988
0.4103707489
0.4704415854
0.2503321957
0.1230263502
0.4874510906
0.8726967737
0.4652790721
0.7310539320
0.2599287494
0.9653309929
0.1510956561
0.8956954295
0.3900356755
0.6017311170
0.0062710561
0.2715619952
0.9754155091
0.9772238731
0.3850414995
0.0275268096
0.2336205510
0.0915062021
0.0675096499
0.9632220021
0.5749762976
0.0750059587
0.7817545183
0.8132249299
0.4948610119
0.4348635868
0.6127156586
0.1708830264
0.9818749452
0.3024786543
0.7511823704
0.2183517312
0.4435534087
0.0560331434
0.1954872187
0.6063498090
0.6364500577
0.5272350951
0.9708509742
0.8057773244
0.0900099486
0.3775707495
0.8366821632
0.4403032891
0.2303940562
0.3690614505
0.3248508134
0.0119240143
0.0114475697
0.1227517761
0.3269227651
0.3666030226
0.8386141266
0.3737527981
0.4090993781
0.5400181382
0.5140965648
0.2861740371
0.0024619764
0.5968809658
0.4394860386
0.3554442818
0.0729507087
0.4689629589
0.3775742685
0.8369017003
0.3461229774
0.0732942508
0.0967327904
0.3013867492
0.0756362395
0.1249516621
0.7437516930
0.7771749922
0.1722999061
0.7453901050
0.2590293863
0.2509798074
0.3767198131
0.6362551160
0.3688104362
0.4973519060
0.3614071325
0.6270639225
0.1887741892
0.6807713262
0.1600646879
0.0094623874
0.7020582400
0.5723653965
0.5602631480
0.5710197952
0.3889086143
0.1091970694
0.2318732595
0.3614999405
0.9157774651
0.0260895666
0.3893481064
0.7592648284
0.3820927551
0.3477550921
0.9537273617
0.2423386516
0.2657559329
0.4820839657
0.2081270609
0.1888089928
0.3407052471
0.4776838221
0.1016055566
0.1072776037
0.0165862052
0.5129209317
0.0164204265
0.0798143055
0.6793211084
0.9934214280
0.7023635467
0.9310537907
0.5619687006
0.2583386431
0.9565172853
0.0744910966
0.7118914266
0.8260292245
0.4793187787
0.5872120997
0.6368712696
0.6129240169
0.5516675233
0.7223902019
0.0365055049
0.0240539486
0.1559356689
0.6214208913
0.9653199479
0.4784151091
0.4703323019
0.7749635800
0.0148962760
0.0899303257
0.3680799365
0.0444638286
0.3254670122
0.1011714979
0.5553671759
0.2291113224
0.9571531736
0.8951386942
0.3022722584
0.5678170284
0.5473919787
0.4253081299
0.5976927601
0.9423597467
0.5131099150
0.7140766464
0.3413711445
0.3961848451
0.3202996929
0.5677661533
0.3562531153
0.1890860813
0.0014664223
0.3568862995
0.9003071815
0.7141016389
0.5821176538
0.6883273361
0.3758529606
0.8055586753
0.1723941519
0.0973565138
0.9845148708
0.1902356042
0.5766055218
0.6713046739
0.3540474147
0.9528331238
0.6270476064
0.3952955501
0.6788732106
0.4363696912
0.7690477006
0.0665293139
0.1003381607
0.1028190000
0.5528023107
0.2910189814
0.2237302030
0.3954282405
0.5793575185
0.0100822636
0.7687858061
0.8988146376
0.9511684760
0.0233365346
0.3875221090
0.9791345883
0.2898564769
0.3104764782
0.6314320059
0.0293339922
0.9147775581
0.2901260065
0.6170430884
0.8662867071
0.4392242528
0.6506348995
0.5880574575
0.1115468186
0.7120618875
0.9536745759
0.7531127819
0.0132202153
0.2970169432
0.9974781906
0.9935386185
0.3836674477
0.2356324795
0.3484648965
0.2422048014
0.1634516613
0.3485321960
0.1216462631
0.7882571831
0.2061474563
0.9297213339
0.0712810018
0.8468193000
0.9614335035
0.6347690545
0.0457994335
0.7146058872
0.5208864836
0.4451526368
0.6824798750
0.3890997641
0.6831721364
0.7550962205
0.9671298330
0.9141066295
0.6768626866
0.3759174311
0.6405005891
0.6945314928
0.0873201434
0.4232748185
0.4593420002
0.8462775381
0.6246719171
0.3437517763
0.9914488586
0.8880967845
0.4956372983
0.5224337802
0.8183657923
0.4778439338
0.8260359392
0.0290707317
0.2733810775
0.5547099938
0.5276034354
0.9719830382
0.8833708441
0.3353922377
0.2902357863
0.4088088454
0.6105986262
0.3207415609
0.7729650676
0.0191596943
0.2039018116
0.7160668334
0.2742809264
0.9025485678
0.4340030774
0.2221579107
0.1556192577
0.8833826322
0.2123764458
0.6281939417
0.1839672883
0.8247598835
0.5283028940
0.0525775247
0.4112207296
0.7453462350
0.8586054497
0.1037103242
0.2588030338
0.5712030385
0.2415321551
0.1235650961
0.7786318964
0.3122935095
0.8327923690
0.1979203456
0.1446648907
0.7924076616
0.0581594743
0.4051424379
0.8296965771
0.1701932159
0.7224020054
0.3728912024
0.0584977313
0.3364732015
0.2415356109
0.1851383383
0.8654851294
0.9888008072
0.1573233910
0.5503666017
0.6701094900
0.4363146720
0.3353378180
0.7467962732
0.6122790008
0.6843151381
0.9028574602
0.2894071813
0.8879622284
0.5506867624
0.0230436262
0.0116282314
0.5734409046
0.7935941487
0.5017742045
0.3455171679
0.3630084424
0.8370681139
0.0848802784
0.7671695207
0.0538879333
0.7343251534
0.4643944813
0.1087813984
0.2305195240
0.2289188529
0.7576868744
0.5869151634
0.1351536566
0.5186570670
0.3227627586
0.7668995789
0.1514880419
0.8527001185
0.2558157240
0.4541787822
0.1147633606
0.3132025564
0.0417737650
0.4901636360
0.9542214585
0.0268189831
0.2629058099
0.0087458186
0.2669514769
0.8152481140
0.1804502414
0.9825311029
0.6596294388
0.1678484320
0.0002731436
0.3621683925
0.8488145621
0.9043153656
0.0871571250
0.9506002436
0.6198929227
0.2074272331
0.8006135916
0.4103402628
0.1519429548
0.3545595516
0.2993089431
0.2641314801
0.1051977559
0.8008549391
0.3491661530
0.3405291442
0.5661192462
0.4630388935
0.5869282356
0.6955269351
0.4540353351
0.1591253631
0.6699872612
0.1177103856
0.4185840053
0.8180257592
0.7344782495
0.4458361838
0.8260637578
0.5945896127
0.1545163267
0.7904834424
0.9326404152
0.1949758659
0.4601742011
0.4941928989
0.4761908263
0.8893082927
0.7147333940
0.4423346318
0.7657845656
0.2855281369
0.9414436419
0.7443271593
0.0332408484
0.1230156781
0.9600281715
0.7733611018
0.4655563529
0.2951254814
0.1795895717
0.8915536455
0.0546796500
0.0015780964
0.0952023782
0.6329213359
0.0978735527
0.4425397729
0.4992653445
0.3405306107
0.6091646229
0.4577553824
0.4061479741
0.8123590227
0.0881841175
0.2811119011
0.8811278369
0.8753819278
0.2016852660
0.4990705201
0.8755940999
0.2075755884
0.2547085787
0.2485611677
0.6767800186
0.8706192098
0.4219010326
0.6067562009
0.7546191364
0.0646532597
0.7407464974
0.5078217080
0.8512489587
0.8403879783
0.1497792815
0.4106613059
0.5177051679
0.9182715920
0.8632029953
0.6708448635
0.1173413032
0.0804739452
0.7712459493
0.7386528531
0.1782333527
0.6848892208
0.0099535086
0.8412187952
0.3859553444
0.6240264193
0.1045843210
0.2455052365
0.6919123666
0.7538892661
0.7969220606
0.5720156223
0.4464630423
0.6323163566
0.4973578256
0.1600399968
0.9108116052
0.0948757452
0.2392506614
0.9395373424
0.2443661394
0.5033187528
0.3120496067
0.6564689988
0.6801347470
0.0625566096
0.8757263383
0.3927981220
0.0085646142
0.6541770065
0.1791620220
0.7875773767
0.0073786962
0.7516185671
0.7523013990
0.4602981863
0.7740855832
0.9393136026
0.7738407121
0.9737293442
0.1000844599
0.4260190224
0.1539571064
0.8460110380
0.2416062059
0.3020887027
0.7851538992
0.8993909804
0.8874827455
0.7812473845
0.4163986438
0.8253098606
0.1529649740
0.4684344697
0.4682750856
0.9837047642
0.3523994067
0.8740577933
0.5110793587
0.5296308356
0.9972931164
0.9283097634
0.3581232616
0.4024502015
0.9758197499
0.5048781106
0.4983808548
0.1055694167
0.5085245568
0.3317490181
0.8917018600
0.4130641905
0.1531031777
0.1740363187
0.0311915269
0.8589946937
0.6787769708
0.2238982387
0.4073138339
0.3624291773
0.5886417610
0.3826944077
0.3398457952
0.0418253770
0.0546425637
0.3309486985
0.3518906737
0.4403188217
0.2903091985
0.5105455163
0.6853640985
0.2515245518
0.4618680105
0.3190572489
0.8953794880
0.5655168592
0.2548636075
0.4577284962
0.9176301489
0.7953504496
0.9735811442
0.2520848673
0.6802290586
0.5007662745
0.5923551844
0.9761559486
0.1597004070
0.6662010858
0.7647835382
0.9596464548
0.0189948917
0.5683419453
0.9762687159
0.5071066339
0.5224154312
0.4028487821
0.8348433736
0.6169861903
0.1346431407
0.6963680054
0.1887786039
0.3025652106
0.5626268409
0.6779195666
0.6784445129
0.5815576778
0.9774604547
0.2076776609
0.1800641280
0.9940066066
0.1403838416
0.8470442378
0.8437789532
0.0751248406
0.2373108023
0.3273587381
0.1137358216
0.4277733171
0.5051654687
0.1750200925
0.4447702877
0.1945580018
0.3585265167
0.5009666091
0.9474094573
0.9603088716
0.2005984884
0.7911753674
0.7917569461
0.6961211760
0.6976225516
0.4402231600
0.5506644608
0.8085853236
0.3758608680
0.5580736398
0.8243982603
0.4948904717
0.8605524945
0.8912877449
0.7304384583
0.8117541592
0.3811462239
0.5046023081
0.1755044305
0.8193825168
0.3568624744
0.7060424074
0.3684983413
0.3907112687
0.0057194174
0.1865310175
0.1050515915
0.6674328981
0.1163544888
0.5032865411
0.0108962732
0.5852122755
0.6878927043
0.6223310675
0.9563810141
0.9519104193
0.3022680189
0.2627785007
0.1758146594
0.7995716486
0.8371630270
0.4142254558
0.0532177110
0.4502076934
0.5337129407
0.4255269654
0.8451750878
0.7232444060
0.0112083785
0.0484855028
0.7503634276
0.9068364601
0.6072205886
0.9918933202
0.2511000815
0.7062422967
0.4617528801
0.0332573012
0.8935687370
0.0846466744
0.2928533030
0.2547857376
0.6503486221
0.5962532152
0.5689739966
0.5748140924
0.3466235792
0.8328613329
0.5200973171
0.8216994006
0.1526145425
0.4224482634
0.5921609163
0.0918047493
0.5673960270
0.0453713384
0.8639164570
0.4311912263
0.4997194331
0.2644021604
0.6882806752
0.0615253719
0.2804204150
0.1494424064
0.1066268216
0.4745221979
0.5587999736
0.2528188680
0.5306801795
0.2702322664
0.6244209774
0.8666531732
0.5665698166
0.1711765635
0.6064086515
0.9302576493
0.9591723296
0.9822142029
0.7030750728
0.2867593611
0.6789039754
0.6520384435
0.1554510748
0.9006769114
0.4664364081
0.8960032899
0.2667464846
0.5739068216
0.0367139277
0.5227762448
0.2124115830
0.9105056002
0.3339425711
0.7225773649
0.2911480863
0.3378058209
0.2101662466
0.6718128966
0.3789242769
0.7402158504
0.1187228720
0.2452087807
0.0002361089
0.0217491818
0.9300075941
0.0559029585
0.5767128514
0.7460467109
0.2567016116
0.1139998962
0.7330754576
0.1048381243
0.8397808148
0.3498286558
0.2213670090
0.7782346078
0.1465745612
0.7889657892
0.3611942873
0.9273366651
0.6304819079
0.7931579916
0.9572694559
0.7257918328
0.0179840993
0.9592501847
0.7433356537
0.6356381043
0.2661096384
0.0010035233
0.6546203310
0.0429374757
0.0178775202
0.5093719212
0.7368034409
0.0533211005
0.1787662812
0.1070306033
0.7622579447
0.0563244372
0.9971569256
0.9671353321
0.2694962386
0.7524264231
0.0651917722
0.2723728640
0.7738777876
0.2790239601
0.4752200091
0.4501618490
0.5499166674
0.9929169442
0.8519261572
0.3079692517
0.0215483105
0.8209308769
0.3199099985
0.6464747390
0.7785347417
0.3572505726
0.4900847654
0.6881475612
0.9816356303
0.9513883156
0.6375132559
0.7189103860
0.6596054194
0.8841942440
0.4649165885
0.6745651843
0.9646285927
0.2346921693
0.4805590002
0.4223125486
0.1163251507
0.4488462799
0.5616301041
0.4513494968
0.1836373032
0.9421003206
0.5166465042
0.7749008973
0.1344147449
0.3849744461
0.5730891940
0.8466917590
0.5804477515
0.1686485529
0.1181101239
0.7323406262
0.0049820525
0.7488156542
0.2335544019
0.4628880398
0.7966602075
0.3071065824
0.4905176260
0.1905496966
0.3286349636
0.6217968946
0.7201817649
0.8535260615
0.7362559070
0.3782618037
0.2023001846
0.1642575037
0.6056205255
0.2680204862
0.4846785461
0.4021632662
0.9258011056
0.2824034368
0.6138128792
0.1318218669
0.0759802441
0.5841030023
0.3068086068
0.1455240433
0.7828750958
0.6281215963
0.2986617898
0.9699976558
0.7103707373
0.3533292214
0.7718849434
0.2966084213
0.7464077414
0.5319062310
0.5239551814
0.0206075806
0.1051852572
0.2694995375
0.7701284208
0.5205087901
0.7519454816
0.0885610044
0.4092972195
0.5208222196
0.5888717617
0.2420567649
0.9870536697
0.9104394827
0.6435943925
0.9888216865
0.2203035693
0.4358329577
0.8103335303
0.5508466321
0.7330634720
0.0706216057
0.1700178346
0.0776947007
0.0455786268
0.7289122986
0.7234789379
0.3949564960
0.9849769045
0.9574207391
0.2257896481
0.8208198942
0.1170605713
0.9312980999
0.3341934660
0.5676527872
0.2022005352
0.2864916574
0.4218594839
0.6809160063
0.1355189584
0.6018580988
0.4803537062
0.7720155858
0.4108195744
0.2595815942
0.4439240572
0.4042217371
0.0325679042
0.3765167064
0.8291772457
0.2952638924
0.6529269658
0.7220915057
0.8450734475
0.3085470581
0.9231207677
0.8486383323
0.2716663916
0.4384063500
0.1962470240
0.0533483265
0.1379228905
0.0043748737
0.2085205087
0.9641478161
0.6174339190
0.0595543516
0.2549349563
0.5870914547
0.6670247719
0.2469553434
0.0415549362
0.5896083621
0.1221322897
0.0463764777
0.3145922936
0.3631100568
0.4323780047
0.8068463968
0.1328015983
0.5915994793
0.9084114665
0.3502724003
0.0022175003
0.0025759144
0.1245980344
0.1399663150
0.9779728325
0.6823518251
0.5898484452
0.9197523761
0.4521680687
0.3776965783
0.9403207891
0.6558502427
0.6294955626
0.9590077188
0.8317866456
0.0401009327
0.0746742101
0.4807974802
0.1192595053
0.6091621611
0.2700663287
0.5926563073
0.2439473221
0.4992896484
0.4057776225
0.1273396837
0.0461994849
0.7512153374
0.4853617177
0.5759548736
0.7689179348
0.3586364677
0.4174149891
0.3729088735
0.5817211589
0.8883629921
0.4631546255
0.0753403973
0.5718108009
0.9237076971
0.6316351068
0.6346220867
0.1724451256
0.3270412594
0.3774811990
0.0664971233
0.1321281702
0.8247896007
0.4550418593
0.1538845337
0.9677406999
0.4633295253
0.4305742968
0.3557782847
0.5239947340
0.6493106531
0.5771717670
0.3406053220
0.0395152335
0.6824452902
0.0248865896
0.4338310388
0.3823937773
0.9804756115
0.8816381230
0.2727862633
0.8043428102
0.4197411276
0.2025627073
0.8489374872
0.8359299037
0.6337022522
0.8332078984
0.0263015735
0.0477502203
0.4427859944
0.7661538647
0.9360203905
0.8730497316
0.7537763653
0.1336894097
0.6657053409
0.4873078706
0.1282842448
0.1773997338
0.0851580031
0.1027736202
0.4246537439
0.8211511004
0.7908655603
0.6202055962
0.3677520866
0.9080696816
0.7371670567
0.9342863748
0.1305704319
0.1682110445
0.2092365696
0.4469159844
0.6619114994
0.9583110356
0.3321370914
0.8066063337
0.5515175799
0.7998030586
0.3794605123
0.7790640419
0.1040787881
0.7129927273
0.0339005658
0.2695581683
0.6731374045
0.0653317437
0.4141228824
0.0363580960
0.7919329320
0.0722572669
0.4703222047
0.7224802693
0.1123637452
0.3258376039
0.4871698163
0.6721370778
0.1639918298
0.1810150972
0.3041938355
0.1095372062
0.6940022027
0.6007100753
0.7122440510
0.3509394244
0.3371388417
0.5094276484
0.3532131144
0.1658569245
0.3426666151
0.2857574959
0.7462737486
0.4530201892
0.7232688851
0.6930842794
0.0044209786
0.3034477843
0.8331143774
0.4042450382
0.2918528561
0.9119173292
0.4049160465
0.5368666593
0.4902217169
0.4440032672
0.9687729130
0.9245925545
0.7907678200
0.0505447575
0.8836760799
0.2541128744
0.0673091305
0.6885511271
0.8611045188
0.3852217277
0.0800759658
0.6482109842
0.6604637986
0.6554223096
0.3917037180
0.5954839691
0.9927997919
0.0790987298
0.4332396450
0.8362584494
0.2986253516
0.5161876599
0.1778108211
0.6419580873
0.9199293455
0.1123139399
0.1181422588
0.5957661367
0.2061510744
0.3934785384
0.0742671734
0.6105336166
0.4841205721
0.7060364864
0.4729758813
0.2936560450
0.9731246863
0.8541308456
0.9761712420
0.8115933734
0.2416559546
0.1831130527
0.5160545786
0.2148897529
0.6172974804
0.8572620873
0.5145734864
0.5715841208
0.8915979291
0.6093146191
0.7342937620
0.0146126171
0.4062561472
0.3768860268
0.9758175679
0.2430727189
0.3756939190
0.2671737131
0.9151146657
0.2846161884
0.1676827996
0.6230284780
0.9501122045
0.9945089339
0.0719441180
0.4807367946
0.9256820704
0.9761849259
0.8755373788
0.2196861556
0.6878009747
0.1262135775
0.2794299263
0.8948798659
0.3590595925
0.5870526943
0.1760184820
0.0320977870
0.0887709223
0.0726553906
0.2932839351
0.8375850514
0.8213794824
0.6805256268
0.3368731980
0.4560166803
0.4125680714
0.2150704831
0.0813758701
0.5293032975
0.3127197701
0.6809210728
0.9861200382
0.5918598688
0.4746005549
0.1708500643
0.7900489838
0.9515167762
0.0442150633
0.8275497980
0.4558505610
0.9424049966
0.8045943324
0.7698509098
0.2817463374
0.5654088679
0.8869307562
0.3226082271
0.3965858322
0.9593243791
0.0050011890
0.4251073003
0.4692146181
0.1207391828
0.0833470039
0.7820805379
0.6483465768
0.2662762538
0.1781841300
0.0251670703
0.2934898866
0.2272604897
0.4615944741
0.2228473734
0.6801437476
0.2469983498
0.8250152146
0.1212896704
0.9985803675
0.5449115599
0.6140578489
0.7608768277
0.5865803454
0.1775270686
0.1533158730
0.2878105624
0.0327363932
0.6347646507
0.9549048011
0.3418642607
0.7080961283
0.0784928352
0.1022207372
0.6764980625
0.1208907191
0.2193085396
0.4341110983
0.3934002994
0.4849723406
0.4603091477
0.9008946997
0.8785290020
0.8685939014
0.9506340136
0.9836681271
0.7699224096
0.1886144593
0.8832024874
0.4255644547
0.8614552594
0.5653451172
0.8831340064
0.5844625983
0.8815964895
0.0558644982
0.4155474864
0.8033780200
0.4404480912
0.4750926361
0.6639080552
0.4303437045
0.3887833036
0.9353580680
0.8363480474
0.8004525111
0.1152749046
0.9855165412
0.2210568276
0.6133247939
0.7003653010
0.2613261069
0.8551756206
0.2812379111
0.9178767481
0.5404492459
0.5941817878
0.6614406373
0.2935472248
0.7761651919
0.4002763192
0.2533911966
0.7282424094
0.4577908143
0.7436334211
0.8723584944
0.9821994226
0.1769728562
0.0379410734
0.0420264887
0.0439277428
0.2468796176
0.2686098494
0.5898875557
0.0413250106
0.4316798436
0.4977012312
0.3083634448
0.4543035475
0.3608354485
0.8832889864
0.1380407757
0.8094705203
0.4452477067
0.7222199326
0.7818259993
0.2186248392
0.4619930376
0.0022779937
0.6830268035
0.8418900968
0.3288320202
0.5861653198
0.0599432717
0.2123176562
0.5417851171
0.4914092667
0.8868367712
0.5080707124
0.1359106217
0.4387284669
0.9143889644
0.3919427787
0.4372774700
0.9523856086
0.0007305353
0.7419255318
0.4319977675
0.0670141643
0.1900011164
0.2894531661
0.8831810226
0.3772320700
0.8683098955
0.0924631274
0.8862684397
0.2758871744
0.6709225525
0.8813966493
0.5224617183
0.2921963083
0.5255302320
0.5767605745
0.0008244194
0.5322817211
0.5972306354
0.8838538834
0.3408587937
0.9936597828
0.3700565214
0.4168461909
0.0248165029
0.7557002225
0.4815598299
0.8253777407
0.0569205275
0.5179960025
0.4515637957
0.1720103748
0.0706589226
0.4766329109
0.4782353002
0.9707577004
0.0279357317
0.7141971424
0.2194942336
0.7074712975
0.3436510510
0.0703222005
0.3473462352
0.2382021194
0.5412973580
0.0849540548
0.6355714741
0.1970554982
0.9882808402
0.8030076637
0.1089756034
0.3961684666
0.9799524778
0.0805522330
0.1797846840
0.2759570239
0.4877504288
0.9793637055
0.8166281029
0.6261395201
0.2228415515
0.5693045205
0.8853028459
0.7475104738
0.0398868730
0.0320780561
0.3084353089
0.7188483515
0.9842711991
0.7566575904
0.0032415129
0.1208596391
0.3153041961
0.7781530885
0.7178174974
0.8907332678
0.1961707767
0.3104715447
0.6179411521
0.4356447163
0.0574746937
0.6005991649
0.6789939626
0.1141102079
0.0648211746
0.8121607158
0.6439917890
0.1255505458
0.8408518273
0.3856746256
0.7294616216
0.0241503310
0.6055082567
0.2741825009
0.0659773889
0.5604526528
0.9252332387
0.5877735838
0.7616099977
0.2058340396
0.2486199302
0.7970240363
0.2616028891
0.9248713909
0.8202868076
0.3762645018
0.5702204785
0.0016072963
0.4960373746
0.2565694985
0.8082258006
0.5890450398
0.0498180627
0.4698887827
0.4499775002
0.3397641843
0.8367034049
0.5186851090
0.4191740397
0.9849909132
0.0948500793
0.7126705656
0.8926322078
0.8739234226
0.0892920070
0.5706052889
0.5113916211
0.4730733200
0.1777342353
0.3918060204
0.9488812437
0.8335760139
0.0068455788
0.6545193790
0.4085047068
0.5006631858
0.6912701053
0.4678717991
0.5804265546
0.9089032735
0.3338630113
0.4457693862
0.0236632290
0.7796555016
0.4447238771
0.9947863462
0.5132072415
0.8986668015
0.0547180128
0.0289377792
0.3774994655
0.9332105201
0.3702215105
0.1017458422
0.5427182882
0.0136653533
0.8648708255
0.9539749778
0.2144651001
0.4368250213
0.7762037841
0.9672296459
0.9546546562
0.4762546436
0.9590584713
0.5241627587
0.4138496966
0.1160158969
0.5134728173
0.0182241165
0.8956673811
0.0079017356
0.7840518260
0.4538986252
0.9991705091
0.0148804099
0.0152160640
0.8879665259
0.8006472163
0.2410628810
0.0709930912
0.1766438363
0.3169773082
0.8716161462
0.1364296053
0.1923098460
0.7410204806
0.0942831277
0.9421409428
0.8473125725
0.5628171620
0.6419006282
0.1069605805
0.6885508310
0.2490359693
0.0397554859
0.0473498902
0.5708109448
0.9768041263
0.6130191496
0.3629463986
0.8257103215
0.2914617241
0.3658874632
0.0060890171
0.2760389861
0.2620613155
0.8971594272
0.4867010507
0.4863003997
0.8136133879
0.2045444958
0.3831531534
0.9615410041
0.0414011895
0.1333388757
0.7712015777
0.7615766370
0.6091028559
0.8336504491
0.1279112066
0.1872852380
0.4678536415
0.2087776842
0.7850271277
0.5060596679
0.3242061261
0.8917353520
0.9755848980
0.0221944714
0.5663552592
0.6551961923
0.7648489815
0.7142877368
0.7369651627
0.0112620470
0.2512110934
0.5967581180
0.7978110828
0.4767155476
0.7410754554
0.5524373505
0.2241088590
0.6766295865
0.6865095930
0.8010774229
0.5617610492
0.9806034975
0.7153487518
0.7890715255
0.9010947356
0.7575716303
0.2108735907
0.1688790806
0.0758991588
0.4391145119
0.4342392332
0.1826505972
0.7421448431
0.5408750952
0.6834515672
0.1854313205
0.4145939796
0.0903612751
0.4950803857
0.2443908826
0.2680526939
0.4544245462
0.8702299331
0.7320997292
0.6121993321
0.3736710202
0.7178713592
0.5771098594
0.0978604768
0.2704485823
0.8105516395
0.5138673633
0.9181327797
0.8869591454
0.7055856696
0.6587843049
0.3634305684
0.4309912788
0.1661428518
0.1551798012
0.0793909823
0.5294212749
0.8418034546
0.0443321769
0.6470623632
0.6627533211
0.3893772337
0.3674650547
0.8623162077
0.5434957441
0.8585957434
0.9905201051
0.1365258194
0.9682869259
0.5265312815
0.7855638667
0.6844562244
0.6570640932
0.4411711282
0.5590178834
0.8270491141
0.4553479558
0.7611478089
0.9877492070
0.1679118160
0.4921392324
0.9501218951
0.5619001248
0.2215477961
0.9566851628
0.1455248297
0.7331286581
0.6267900186
0.3395522891
0.4065135580
0.4509059562
0.7765403093
0.4083547125
0.9250370663
0.9509367409
0.2837253453
0.8348342191
0.8007203522
0.5739314223
0.7946906554
0.9145478825
0.8839915805
0.3756281378
0.5267430844
0.4972804729
0.7781874017
0.6164172373
0.4421224176
0.1424431842
0.4336793446
0.3450840916
0.5100146290
0.9046106527
0.2388666169
0.3870791936
0.7040538858
0.4788429453
0.3478593881
0.6718782693
0.8829513979
0.2368904783
0.3274886570
0.1439167330
0.4408647066
0.2564028693
0.4494465339
0.5004271366
0.6025640587
0.0798518226
0.8154162691
0.6381998340
0.2844259336
0.2469480939
0.5073327148
0.7312453280
0.8221162788
0.3077189428
0.3677957570
0.6338459139
0.8161611254
0.5238715467
0.9031122362
0.2612238867
0.3121445464
0.2485336648
0.2437987267
0.3002120367
0.2801428572
0.0183484992
0.3917259128
0.4499704514
0.2890448911
0.5021873354
0.5043548607
0.9398311186
0.9318649488
0.0870859775
0.0975667383
0.1270009290
0.5175255284
0.7856818177
0.0631376193
0.1579628633
0.8676855522
0.8629787673
0.5484636240
0.5361032349
0.1513307793
0.9845934824
0.4324623130
0.3036448055
0.6703753893
0.5519154921
0.9991323386
0.7152994612
0.7519789149
0.4602050582
0.0454024873
0.2014306229
0.4053053912
0.3304152715
0.3957531180
0.0795947481
0.3740879655
0.8805379189
0.2651407700
0.7786612775
0.8333494182
0.7425256733
0.3610125975
0.7304432145
0.1120557810
0.3333617248
0.2535710330
0.7554756247
0.7064308149
0.7210004544
0.4230186713
0.7003073027
0.9387153269
0.9396663051
0.7148698818
0.9200745068
0.0941548872
0.3432100446
0.4803224786
0.0745421028
0.6904122567
0.3400239102
0.4392903984
0.1621786512
0.4398445497
0.2375079739
0.3919569714
0.0806842728
0.2239740620
0.9080923515
0.2341967786
0.1587558462
0.3126017569
0.4885562389
0.2961409370
0.8027292235
0.0523790898
0.0111825602
0.7181075003
0.6611264297
0.7982004604
0.8180888752
0.3801171080
0.1089290248
0.8131431796
0.5825022514
0.0573640290
0.7515330381
0.1459756716
0.0864614710
0.0722055758
0.5617964578
0.1546022894
0.1275504045
0.9056224478
0.4999763336
0.1363457773
0.1914287370
0.0043446776
0.7254887571
0.8315437860
0.7631895560
0.3095009031
0.5288024683
0.6816918439
0.8367853976
0.5235861949
0.6702512808
0.5817158016
0.3058682377
0.2718649309
0.0581304210
0.0831108919
0.0934737935
0.4325794802
0.6727841439
0.6159099868
0.5510643644
0.7696224667
0.2677096589
0.5762275302
0.2380159319
0.3133717084
0.0586540613
0.9554023642
0.3586533290
0.6634467439
0.1325397105
0.6088375183
0.7707178749
0.2702607152
0.4882676751
0.8851417042
0.1518819443
0.7710782406
0.2070305116
0.6195121743
0.2654223146
0.2225091462
0.4585098441
0.4588760044
0.7042236677
0.5337726479
0.1156512877
0.2684683816
0.7172848987
0.8589836021
0.9552542533
0.0964674676
0.6173537298
0.9216367897
0.9207502475
0.2221911443
0.0983005340
0.5997301636
0.4860906997
0.2224968489
0.8074769278
0.9055451057
0.4112060190
0.1846781723
0.4757896925
0.0180311855
0.7969643709
0.9153885920
0.1154568099
0.7953446523
0.3375478945
0.0344993205
0.0791489397
0.1401100974
0.4174228532
0.0593934249
0.0746544083
0.5835359915
0.8400994049
0.7356486715
0.4472091299
0.2703702020
0.3899136840
0.8826302681
0.1453493982
0.1372689733
0.2900900308
0.4593957380
0.4521535459
0.3733316615
0.7498622729
0.7043432654
0.2189532742
0.4319728141
0.5233460452
0.3766907788
0.4199932671
0.6099160787
0.9159757141
0.6073910324
0.0290942246
0.8409551452
0.1456868532
0.8433865763
0.8494661435
0.3786441834
0.6773681881
0.3815919297
0.3598971674
0.7384960485
0.9883608095
0.5130948556
0.4754880826
0.2501567694
0.9271495963
0.9208145409
0.0198609387
0.3527083636
0.0882855877
0.7243701327
0.3905827322
0.4142994747
0.5710685744
0.7186040806
0.3615855100
0.6596203204
0.7078729070
0.7695298951
0.8945866678
0.6196034017
0.9768559598
0.3619367933
0.7230148918
0.3546407193
0.7139277113
0.4321770448
0.7491215714
0.5284228715
0.5840875416
0.6604859660
0.3477926370
0.6119827665
0.1437518336
0.6121631309
0.8697801377
0.2451971188
0.5552343269
0.9763497668
0.0011517000
0.0762644537
0.8433382467
0.8137913023
0.5582840052
0.3530804747
0.4320251314
0.4480865123
0.1097009654
0.5528928966
0.5236863197
0.4795332265
0.0762773504
0.3998400294
0.6863999824
0.3300392780
0.5926961859
0.6426752341
0.3171643393
0.7663610392
0.0797142023
0.3970471719
0.8382790000
0.8367070892
0.6990430596
0.9105905213
0.0279399890
0.8443013300
0.8070281884
0.1643440525
0.8395892979
0.2777170948
0.2133374935
0.1273885400
0.4079356856
0.5721899434
0.8471572043
0.5535039513
0.1323008352
0.0453564781
0.5000024529
0.9007781817
0.3653145652
0.1118378151
0.3716777393
0.5873088287
0.9385821010
0.0172708372
0.4386632730
0.3720326648
0.1820596740
0.9186461197
0.9259522665
0.0809629149
0.7203800176
0.0315134512
0.9784929334
0.4022712434
0.9230687296
0.5404324335
0.9440902652
0.9719769379
0.2805397244
0.8058191971
0.6024996965
0.7460998136
0.9066058151
0.8912369568
0.9201893943
0.7495061626
0.2582727232
0.1121507817
0.5710954868
0.9926015328
0.4167617434
0.0715550635
0.9394996607
0.2289960097
0.9841409396
0.3929784996
0.2004978146
0.5448581535
0.8944841789
0.5457172519
0.9420816531
0.2226987844
0.0330898152
0.4076836340
0.9172625071
0.0085803165
0.1171885147
0.9618525638
0.3392579254
0.2571502435
0.1919313420
0.3495448889
0.7646445331
0.8918236366
0.3914769293
0.2823000453
0.5357607821
0.9459507697
0.9188910600
0.1218884994
0.4657123057
0.3921701537
0.3806440383
0.3288524317
0.1661608659
0.2120238760
0.7894846842
0.2889993198
0.8755690757
0.5988138752
0.7609415981
0.8119070628
0.4634675887
0.5528325598
0.7295974421
0.7191968647
0.3031507330
0.8554721898
0.3030870977
0.6993997441
0.0566461635
0.6791414754
0.5238007834
0.1194801966
0.8601480567
0.4442432969
0.6342674603
0.5164022184
0.6063741572
0.0881882432
0.0955792876
0.7226603516
0.3423398876
0.6458400455
0.0718022467
0.4026048210
0.8102692898
0.1310530426
0.8241771195
0.9835174365
0.5855602606
0.7100307456
0.9260871642
0.4616100043
0.9725193974
0.7022317000
0.3148852046
0.2438695888
0.9941417708
0.8829855704
0.0599680481
0.1578200063
0.5705238766
0.4125337559
0.3930475841
0.7386592328
0.6764422202
0.4916037832
0.5424781599
0.1378276941
0.1173969496
0.3793254361
0.7821849470
0.4414910265
0.0884017965
0.9885814039
0.9771742861
0.3347380578
0.6964430916
0.3160063690
0.2477798059
0.6158567663
0.2748352834
0.8692400801
0.0866408921
0.5625458093
0.2046360967
0.3333477374
0.3287943948
0.0895264290
0.3285068605
0.1199704052
0.5645993121
0.6871640074
0.9053994839
0.2132465984
0.6046083412
0.4190443631
0.5197606852
0.0150947174
0.2950564454
0.5600911968
0.6206081742
0.1502697527
0.5973352727
0.2927032490
0.9573196329
0.8038511456
0.0198367486
0.9571618137
0.8326362434
0.4433570068
0.9569349894
0.2112251258
0.4313150114
0.0490076643
0.9082907572
0.1196696414
0.5103231843
0.7993442267
0.8763327640
0.0443119566
0.7431587756
0.1465928723
0.3766211070
0.2886794077
0.9562950597
0.4593753212
0.4055383408
0.0713397890
0.6449925717
0.1056542834
0.2434756043
0.5977017004
0.3899722809
0.4669387228
0.5927020082
0.0260801568
0.7152614454
0.8029548878
0.2949020321
0.0613644037
0.7364868824
0.0027188817
0.7833338195
0.9694151354
0.6151549987
0.0881304755
0.1494972419
0.4626270722
0.1404113339
0.1560241357
0.2123746453
0.8727214962
0.2621904233
0.9127248694
0.0540472315
0.2048571483
0.1531780456
0.4806006958
0.0395551433
0.5178768685
0.7243210175
0.0837772633
0.2755724104
0.1350740916
0.3159245684
0.1210352941
0.0109033803
0.3503575366
0.2538398923
0.1780499118
0.5060478354
0.1918619169
0.4682504028
0.5521323475
0.8625275376
0.4811285868
0.9223484505
0.1111418020
0.7410453216
0.9105961512
0.1130808840
0.1265795078
0.9406434201
0.9871762353
0.9517523287
0.4198142905
0.9179277391
0.6709984361
0.5989087433
0.8199165222
0.0951517537
0.3366358104
0.3592420660
0.5686586247
0.2190048263
0.7222159091
0.1485104955
0.0739660706
0.2307787257
0.1073042532
0.4222104534
0.5490945515
0.4088161320
0.5335754400
0.2448945244
0.3616145143
0.5423413074
0.1125327582
0.0243470039
0.9160012357
0.6603557881
0.1742893055
0.9464747525
0.6736143198
0.3566364994
0.4588061675
0.3180850727
0.8547603488
0.2320272716
0.3905730095
0.2932857697
0.9390171561
0.2859008315
0.8411068905
0.4930238535
0.0411994135
0.3684239903
0.8277823119
0.1173577847
0.7710433665
0.3797855340
0.8163359987
0.9552511702
0.9363123720
0.0739659273
0.6117765780
0.1439717873
0.7244186642
0.1810956582
0.5875136431
0.1125738657
0.8785984369
0.5810020190
0.0731122664
0.4193270185
0.7459574075
0.1630340313
0.5596517489
0.2338112465
0.4634740153
0.6636416595
0.0392692258
0.2838868993
0.2326410144
0.2407705740
0.7651533741
0.7978319575
0.6814383485
0.1774583700
0.4624512704
0.0722903265
0.4347620789
0.6394122274
0.8346112233
0.8832724058
0.1950720508
0.6308111821
0.7890633212
0.8589117866
0.4372299916
0.9352027303
0.2758421166
0.9084952349
0.0359993775
0.5474042910
0.4448798733
0.7801444773
0.3859188673
0.0684048604
0.3959633691
0.0229095062
0.9698152737
0.9157413593
0.1656222278
0.1503436240
0.2842686745
0.5939175411
0.3375428437
0.6833637803
0.1515375830
0.8463503370
0.7801750685
0.2501279281
0.0537169219
0.0584869394
0.0391217259
0.4928972681
0.1114675491
0.8380357414
0.8877400538
0.7077045524
0.2805404135
0.2826888180
0.1269300434
0.5372517774
0.6458646022
0.2949073653
0.1970494903
0.4404551417
0.4525400300
0.4668358660
0.0927068520
0.4061013150
0.1404570942
0.0683499554
0.0092097791
0.2698773032
0.8266757690
0.3101177131
0.4575123129
0.0692791648
0.7261971967
0.7920583106
0.5333564059
0.4283093507
0.6820328675
0.8861466068
0.1743366159
0.6750450039
0.3412728343
0.9058382784
0.7982863495
0.1112357821
0.7494960313
0.3206229049
0.2277013826
0.1919239550
0.4789064675
0.0602025764
0.4023250778
0.6160835780
0.8347460753
0.8027096592
0.6974245579
0.1378804300
0.5589938203
0.1198460789
0.3178260226
0.4422275442
0.5168218767
0.4700965478
0.2877700607
0.9173923554
0.7885167050
0.4919843828
0.5681064047
0.1957440443
0.3518418422
0.2228838140
0.1246149789
0.6202783194
0.7598253146
0.6152072149
0.7881708485
0.5468735048
0.5646199485
0.4247032267
0.5227181136
0.3856081942
0.6931613701
0.9400926978
0.1575005568
0.7739260541
0.6179265610
0.4540363992
0.9674225739
0.2589420173
0.3612232276
0.7304663582
0.2534977454
0.4873778619
0.3614105217
0.4190717419
0.5502970635
0.5586716224
0.3989169285
0.8385127970
0.2979104043
0.0415550116
0.2064256165
0.2867315363
0.8994959384
0.0623781093
0.2761229527
0.2430642613
0.7098996527
0.9712166436
0.8707492643
0.4957818785
0.0790709257
0.6102431314
0.0426523221
0.8172679194
0.4287275639
0.9721133410
0.9182404769
0.5583242135
0.1741597523
0.6865361229
0.9441432759
0.4148066577
0.9438992633
0.0220227303
0.5076689878
0.8937183631
0.7451627422
0.1135321629
0.4248719472
0.2755829230
0.8135353013
0.0217125979
0.3938980389
0.6604854298
0.2316797639
0.5451982591
0.8214744491
0.3428424259
0.3899620548
0.3528039161
0.0757305140
0.0157012944
0.0945593655
0.9811051469
0.3023607690
0.8044650033
0.6665336285
0.7845257427
0.8719255725
0.9407305377
0.9479188838
0.2492254309
0.6338173269
0.9286916883
0.4619044684
0.5127751967
0.2654691434
0.5669486508
0.2302919948
0.5969823779
0.7434160414
0.2863360551
0.6820510937
0.1087271105
0.7252229665
0.4404743762
0.6862059017
0.4048696104
0.1686775314
0.4474997291
0.6888774872
0.7016916924
0.5296608831
0.7838773252
0.0423694610
0.0711272890
0.4484040110
0.1173518447
0.4072329663
0.5590546054
0.2643242305
0.4005907647
0.8575470723
0.9360496072
0.2574198568
0.5136967754
0.2094632710
0.1014545669
0.0661207400
0.9531216134
0.5466123521
0.9564759249
0.2319122381
0.4841573653
0.1780280579
0.0838387064
0.7475321978
0.4050593745
0.3635539192
0.1623809793
0.4931014395
0.0152203052
0.9939441152
0.1177857428
0.8734928508
0.5070456290
0.3004645236
0.1108595540
0.6691368662
0.7392269185
0.9437750251
0.5897447961
0.6050914716
0.1541783472
0.5953634230
0.4152639116
0.7378442627
0.8556061646
0.9814402733
0.6812033425
0.9420942235
0.9165371366
0.4369359163
0.7233670682
0.3336205394
0.1560813295
0.3691415353
0.3292102615
0.7270562815
0.7595197910
0.1146980982
0.4181456025
0.6386267601
0.7059058500
0.7335477283
0.4040017566
0.0278781722
0.8314496228
0.2381404644
0.8082505912
0.8743204677
0.9432942802
0.5435358455
0.3508082507
0.4248444661
0.1275390069
0.0326023584
0.0868867562
0.5049049696
0.0069168792
0.5930423031
0.0646529173
0.4508862039
0.1745507387
0.3900726501
0.8290685151
0.3802220214
0.2271818130
0.6621420084
0.4396072836
0.5887621208
0.3576074132
0.6639065630
0.5410685313
0.1818340016
0.8992841621
0.4152729927
0.8094035045
0.4055046497
0.0177728830
0.9200749172
0.4802154466
0.6868018347
0.8664480979
0.3234403953
0.9387112944
0.6018349370
0.5642843922
0.5753128410
0.9886799292
0.5640482826
0.1314439468
0.8126836168
0.3671560435
0.4114740684
0.8090870702
0.1428158631
0.8597909620
0.6406213404
0.6244577538
0.5683387468
0.4931436505
0.2543767390
0.4453323395
0.4571185127
0.3491763616
0.9596264638
0.1578735515
0.1111386874
0.7822679413
0.0744529787
0.5286959788
0.6020380398
0.2533626094
0.0721136249
0.7546272490
0.5714339374
0.1072121473
0.2695521718
0.7489417855
0.6994602385
0.6188761631
0.6379355237
0.8450747755
0.7192760256
0.0571348958
0.5862408171
0.2955918582
0.4665397000
0.6188620717
0.1974524789
0.6906858764
0.7628030372
0.1229793279
0.4004912217
0.7978363473
0.7250939396
0.2655795618
0.3895827444
0.3197212885
0.4730476728
0.4498714264
0.2050726326
0.2202867487
0.3472324345
0.4074956442
0.8166250217
0.9499925699
0.8065571031
0.6711589296
0.5308334030
0.7833477404
0.0382270750
0.8792317663
0.5269392395
0.3849687845
0.1295669680
0.3409036606
0.4645560791
0.5890886802
0.3929152101
0.7393592134
0.0980428972
0.3166551474
0.7471997031
0.8935365103
0.6927847284
0.8028719896
0.6185046387
0.9892832302
0.8728830243
0.8884061848
0.7163855848
0.6099989760
0.3069141826
0.8959227883
0.3000745101
0.9170268990
0.0616572859
0.5123309854
0.6733734440
0.2777744924
0.4168732354
0.7023335572
0.5064677158
0.6080574452
0.3652376119
0.1878684708
0.7272634113
0.5032793123
0.5743712707
0.3432768349
0.6373662257
0.0990395147
0.7778133136
0.3422233551
0.6283807672
0.9170227437
0.0078104849
0.3663071623
0.5281477233
0.0841692917
0.2114285742
0.5080346329
0.8799974124
0.8317865892
0.7199221447
0.5890218099
0.3486703678
0.3069930652
0.2380364023
0.8703215564
0.1419756875
0.1419839576
0.4277660472
0.8700060249
0.0321601681
0.1384529693
0.6641494749
0.3954089037
0.7214888187
0.2154103741
0.5368445285
0.4980860004
0.8479910069
0.1761803489
0.6010754275
0.4727464546
0.9048276688
0.6117398981
0.1549698930
0.8409310825
0.8721939075
0.6393066366
0.5451044003
0.2895573437
0.3613480519
0.4892608454
0.9257228446
0.6139109700
0.3703335435
0.4044241577
0.4700912792
0.1769935129
0.1797451820
0.5448659444
0.4841940991
0.2732313948
0.8424096666
0.1201697518
0.7502953069
0.0065106613
0.8762500436
0.6078247078
0.5375894218
0.8782540142
0.2341543489
0.3849221729
0.6885797343
0.3940945164
0.7097266764
0.6455796840
0.3130253072
0.4437148267
0.8929373302
0.0389858156
0.4205948303
0.4595055618
0.9734093317
0.0182244179
0.8140407348
0.8347288521
0.1081297581
0.8820065161
0.2730997706
0.6165441807
0.9167985441
0.4475751230
0.3483331011
0.9912785246
0.9663718324
0.5938487585
0.1920100891
0.0340518485
0.6062284121
0.1150027993
0.8818598327
0.3379909214
0.1156420525
0.8347023990
0.5915397732
0.8761335339
0.0791938988
0.8602112675
0.3136004620
0.6943100350
0.9580504220
0.1524236957
0.9091883960
0.1542590338
0.0124274142
0.3341716973
0.3659417274
0.2602270437
0.4680428023
0.6731194825
0.8345118629
0.4488697445
0.6080109662
0.6291271156
0.9016179174
0.1585569465
0.8829924485
0.3716165117
0.4017581028
0.2543741792
0.0125968445
0.6091810713
0.1387405048
0.6355111746
0.3712602241
0.3937747731
0.1623707439
0.7009928409
0.5201489613
0.9436031167
0.8904189522
0.5674560701
0.7466744549
0.0087958271
0.4844912717
0.1147923138
0.6454156080
0.5781479486
0.7990523340
0.8631408008
0.2044872161
0.1338299287
0.0599943401
0.7838309301
0.2884858801
0.6911912014
0.0906710119
0.6318430397
0.9927002116
0.7612328456
0.6149518451
0.8508694602
0.0000230137
0.5816047004
0.6756843403
0.2412172338
0.2857524990
0.0264024747
0.5133400822
0.9579509972
0.4639397538
0.9838962896
0.7911477090
0.5026901645
0.7498992818
0.7589157906
0.1172598859
0.4953394323
0.4707899656
0.8173945867
0.4181812556
0.6795826483
0.5041809089
0.1279249639
0.2107498017
0.6231790388
0.0006368798
0.6741158854
0.2455927576
0.0645659259
0.6552248107
0.4991656644
0.5155714082
0.1865340013
0.0075562539
0.1597967716
0.7837217646
0.2329067236
0.0549898882
0.7552741672
0.8965217278
0.6059635446
0.2225853101
0.6332203960
0.4527387140
0.0537381839
0.8714994951
0.5148905356
0.3356132031
0.9984153348
0.4687332805
0.2423053088
0.9397393163
0.8864067188
0.8663032731
0.0125672533
0.7007578020
0.4641950923
0.6361153075
0.6303724889
0.6813188161
0.3057606932
0.2884315360
0.0175038939
0.2930591518
0.7764780205
0.1075276831
0.9000713849
0.9832437369
0.5267462677
0.7525505896
0.7766070654
0.6929584884
0.6952939430
0.8394238855
0.2455917926
0.5130000704
0.3675462975
0.3512256475
0.3484610940
0.3159721335
0.4406433613
0.0672898533
0.3582279256
0.4053168205
0.0457138106
0.1655763865
0.8878633959
0.0448382629
0.1879400145
0.2725115386
0.5538604275
0.7296471325
0.8501365712
0.3065820323
0.9782395020
0.0001294124
0.6724622085
0.1028048066
0.4471292621
0.3381963668
0.6618530641
0.0612867548
0.3493774540
0.7585484117
0.3788895601
0.1572351829
0.2268726701
0.7622479015
0.5409883329
0.9525438177
0.8876840934
0.1250670463
0.0887199081
0.0928852706
0.0014204679
0.3569768544
0.6869976802
0.4289314321
0.9297406704
0.1846261827
0.4428472097
0.0911660503
0.1186990657
0.6156943059
0.4203694869
0.4771323520
0.9291375209
0.3891862895
0.3424110701
0.1036348106
0.6844974085
0.1343906655
0.5605106268
0.0033711595
0.3251299820
0.3092680973
0.2198775356
0.3830357365
0.8995839843
0.8598175413
0.9949212111
0.9317342623
0.4470051410
0.0261855489
0.5291871796
0.9083021457
0.0775691413
0.2945463284
0.8568780714
0.6695618440
0.8263772152
0.6904850608
0.6922459831
0.5090659974
0.5565557063
0.7320732806
0.9862132336
0.9182058220
0.5421037310
0.6473158678
0.1087720364
0.5464746175
0.8466453943
0.4618267600
0.8010288197
0.2626508721
0.2203061197
0.4584002793
0.1015629341
0.2958475494
0.9994881946
0.8275021095
0.2930984851
0.4280202536
0.4759078154
0.3932359626
0.5270282145
0.4870471663
0.3968143822
0.5492244504
0.1087551226
0.9178695585
0.7900006649
0.2890969326
0.5091116912
0.2216325657
0.1094840961
0.9777887076
0.3130415155
0.1717918714
0.8067248908
0.7513513220
0.9766492147
0.3190383559
0.5600952239
0.0743652065
0.8634910762
0.7889653237
0.1275852224
0.5620890871
0.7501081016
0.6938103595
0.2723163403
0.5732286045
0.7703708095
0.1098776094
0.8123837307
0.9747524633
0.4203938132
0.9867373793
0.1622111423
0.6328319222
0.5211314362
0.5251364457
0.1324403120
0.8146849032
0.9611869882
0.3962028355
0.5915683410
0.5240186371
0.5937012590
0.7688481626
0.7248204740
0.0636581583
0.8611100396
0.5550230964
0.1774417814
0.4504113834
0.2004319688
0.2570807411
0.3336782918
0.4162291385
0.1383933319
0.0283425274
0.3877648555
0.9237278592
0.9771465834
0.7387046700
0.8366176807
0.5300159834
0.2852292710
0.9857679734
0.6496798184
0.6981440503
0.6600854912
0.7396375335
0.6284595241
0.4421054365
0.4044130157
0.3730851746
0.0792491388
0.9255451238
0.0683509819
0.8730916829
0.3362409722
0.0494108515
0.0202161717
0.0206618110
0.3044425753
0.1536770598
0.0998805095
0.0198276204
0.2628159746
0.8684365616
0.0711840455
0.3688284529
0.9144636876
0.4467901597
0.3006330003
0.2299114023
0.7023168849
0.7203563532
0.8996629404
0.2288596117
0.8174102522
0.5425043982
0.9621993457
0.6988027412
0.9354432327
0.4514900926
0.8743299817
0.0973755007
0.2659220022
0.7410616194
0.3555030173
0.0174683176
0.1895699341
0.3920490982
0.4553714763
0.6977362767
0.0327211789
0.0664142578
0.5057068918
0.5669037434
0.3870624908
0.3034823524
0.5018116980
0.1726255808
0.7258938361
0.2520020506
0.0065605212
0.0587182677
0.5389503049
0.4585398589
0.8386114461
0.7305390600
0.0494046699
0.5454960505
0.6780282105
0.6556715352
0.3257606390
0.6807134359
0.6278768550
0.6779801997
0.7171437176
0.1602577899
0.3543961148
0.1072132014
0.7278324989
0.8766261947
0.4225936429
0.9299591186
0.5253914050
0.9943428628
0.4553540258
0.7197617144
0.8235051203
0.1983784443
0.3785322997
0.1274436576
0.3351401241
0.7022404588
0.4902524036
0.7760572112
0.5525588130
0.3321917570
0.1613528004
0.5617006511
0.0731231688
0.4518661515
0.6340486834
0.4564207052
0.6249843298
0.1154155618
0.6495476283
0.5991086819
0.1896992056
0.9627038317
0.5453136047
0.9703748134
0.7941528681
0.6301987358
0.2110412892
0.4582253407
0.8334863102
0.2830884201
0.9931481071
0.6468122996
0.7233712560
0.9619709557
0.8727481725
0.9044311239
0.0188795463
0.8260942272
0.5641854233
0.9002518150
0.3224164606
0.9268142955
0.4131790563
0.1430711174
0.7210571001
0.7660755848
0.2406648775
0.6066693250
0.9138785261
0.6605608374
0.3210710309
0.2562510535
0.7632608211
0.9621025877
0.4837446244
0.1919460797
0.6495811640
0.5750118883
0.8571035776
0.9937553335
0.9186162130
0.4144519474
0.8506775075
0.3651526793
0.1611605146
0.4025765965
0.9304114274
0.9495858694
0.7551592584
0.4344616331
0.5087607893
0.1994049033
0.9335558595
0.3457056285
0.2832364548
0.0733085959
0.8612531192
0.3622910435
0.1261141673
0.1676987278
0.9166789906
0.7620908733
0.5561476344
0.0235132815
0.6721776176
0.3143741491
0.0927557219
0.9718146063
0.2084788823
0.9414228465
0.1845724202
0.3160262168
0.2272963808
0.6765412561
0.2637697457
0.3146691423
0.4754004222
0.7996316598
0.2094789176
0.1371525349
0.9127764785
0.5151947554
0.6980898294
0.1915519744
0.5100415851
0.6271222805
0.9779713854
0.9537298121
0.7623548285
0.4940047920
0.7000391143
0.8698757741
0.8050167032
0.1914892842
0.8183412547
0.0208354189
0.1332937624
0.6606828964
0.5473205825
0.3675517701
0.9260601690
0.4970226268
0.7716280570
0.8430960877
0.4929740492
0.9985655575
0.7927743909
0.4754612876
0.9059817647
0.6339332470
0.2948926346
0.5329705451
0.9448473510
0.3998140153
0.1132242367
0.9700214196
0.8680636299
0.0778537847
0.8693059376
0.6039351498
0.7815868657
0.2064164671
0.5563056283
0.3167677238
0.6700691137
0.4133659313
0.9055255163
0.1371968573
0.0065715635
0.7609133645
0.9604009715
0.1810601825
0.2896828985
0.2575881862
0.3425046978
0.8359069656
0.1929177423
0.3552990767
0.3518730602
0.1346610999
0.3093731243
0.3994191983
0.5803208331
0.7886166764
0.7940188138
0.5662432432
0.8178304458
0.7335149750
0.5615845687
0.1254078151
0.4941962548
0.4743268970
0.6852512532
0.3748635875
0.6044818601
0.1705202612
0.6872193233
0.6751456364
0.3851008188
0.7573527768
0.0137954077
0.9964485845
0.0976619545
0.7760495222
0.5378892136
0.2436593823
0.0741999536
0.3574857676
0.4400872252
0.3294524052
0.0292806353
0.6737142889
0.7355657138
0.5493097573
0.9558904954
0.2524050191
0.1967089075
0.6232757446
0.7264415464
0.3665102875
0.9094549401
0.9081378139
0.2028392726
0.4310127570
0.2197229336
0.9972304233
0.4630134028
0.8395331150
0.7017147875
0.4413857849
0.6039994962
0.3188270132
0.5434671307
0.7455422770
0.4008042581
0.0446006197
0.8183872845
0.8861015255
0.1917241122
0.2114957081
0.9039334089
0.5446528783
0.4333821519
0.8915561152
0.0566834151
0.8580221669
0.0340078280
0.3485535821
0.3606795088
0.3181673576
0.7452060788
0.5187880988
0.9037464563
0.0505041645
0.4567478466
0.4487490955
0.2824389680
0.0500375261
0.7238570452
0.4753138154
0.6659387668
0.4218510795
0.7212995351
0.5683986364
0.9218999280
0.3042025996
0.2538588820
0.5394142114
0.7498391147
0.1816813348
0.7533861209
0.3382859583
0.8894951858
0.6752682081
0.6680047241
0.4759842461
0.5463442282
0.8547236754
0.2514342069
0.2007007970
0.1328050697
0.5249055908
0.0346950159
0.8176789044
0.9759941119
0.7521630963
0.6076558374
0.2361211603
0.9252040443
0.8291706829
0.4261698048
0.4461643677
0.6977771259
0.9612863255
0.3544927609
0.7472191367
0.1990804076
0.0062951994
0.7455675655
0.8263831131
0.2663849543
0.9343453830
0.8299657837
0.3257851102
0.1587474380
0.9209949919
0.0315100777
0.3051327203
0.5399335216
0.0935735430
0.6615605601
0.6921049603
0.1982507257
0.3126566832
0.1363834484
0.7591180535
0.3031232359
0.0881944420
0.1330306607
0.5068817313
0.9086188413
0.8419614157
0.4445419750
0.4916868416
0.5728795816
0.7610926706
0.8251994051
0.7784845730
0.7748152189
0.5758382868
0.5591167438
0.2652739846
0.1440156707
0.0646007086
0.8135244402
0.1091307205
0.9001992181
0.8853466449
0.5748350601
0.6545963105
0.5518569522
0.1988031456
0.4217380337
0.3885328552
0.9243919063
0.5181788959
0.8180421334
0.7986211531
0.5265930073
0.7740669224
0.2569826156
0.2386511840
0.2608112846
0.8589623382
0.5321742461
0.8090746574
0.9341153902
0.7021310431
0.7117192002
0.9529675805
0.8831099534
0.2441500597
0.7005335463
0.1059641915
0.7078736968
0.1089251424
0.2340267201
0.1555763507
0.5671936895
0.0849024919
0.7778111142
0.3893735281
0.9072041530
0.4921947527
0.5077157742
0.8436843042
0.8686606667
0.1500670237
0.1673060135
0.4900851590
0.1178247324
0.4054649812
0.7583388603
0.9475126689
0.7959089051
0.3338362117
0.6111630963
0.2874188601
0.8740003432
0.6406474118
0.1337000467
0.8124004124
0.0326419112
0.7373081694
0.6801762056
0.6674572524
0.6722888491
0.9760558213
0.2583962526
0.7197290578
0.8351684342
0.2479591633
0.9241319729
0.4549495092
0.5216846571
0.6080256721
0.6602135145
0.1900586672
0.7664892755
0.0689238489
0.7441948691
0.3337378586
0.8909275502
0.5360161978
0.6193759242
0.1826056009
0.6948063885
0.1174420355
0.7717598851
0.2123595932
0.0369620585
0.3121842383
0.7948835300
0.6969271185
0.4710437372
0.3496920565
0.4360480975
0.1792157383
0.3728015319
0.1364864372
0.2362753846
0.9140330655
0.6298100901
0.6234689498
0.0260996155
0.5722525759
0.7912737716
0.7463537002
0.0956651515
0.6965381865
0.9473663232
0.0771904137
0.6417689711
0.2434449695
0.5447926825
0.5215350506
0.7100540793
0.3129330310
0.4180574046
0.1839473531
0.9523473046
0.1945060603
0.4230777878
0.4631917960
0.7616362455
0.5543181029
0.1003341188
0.4142086595
0.9418986089
0.7514730292
0.4905116806
0.9865039362
0.3127354921
0.8409071094
0.7552238807
0.6086187752
0.8527588979
0.2444959981
0.6441188327
0.3929621221
0.2762935513
0.1888660832
0.1766496217
0.0475420134
0.1714133509
0.2695339623
0.8794635491
0.9273771922
0.3089601477
0.1301911964
0.8730004432
0.2124199912
0.6620876881
0.4197505650
0.9066890136
0.5997462258
0.1283122248
0.4733483966
0.0603368483
0.1433144135
0.8599119648
0.3253837881
0.0293920730
0.7668854341
0.5867693533
0.7414527057
0.1801876215
0.0549063637
0.3489678829
0.2261432070
0.2966507996
0.2571979654
0.6257753352
0.1097085246
0.6146805667
0.6042421900
0.4406946904
0.8402409944
0.0239441519
0.7253992027
0.4992372694
0.5112809357
0.3244414031
0.3017786894
0.5969793491
0.6356226811
0.4619518282
0.2316969842
0.9700088623
0.1697284848
0.5544180483
0.0765931179
0.9902681952
0.9530803654
0.5270062849
0.5712725637
0.9990294939
0.3911853993
0.4233578856
0.8167093794
0.4793611263
0.5447606190
0.8831875055
0.4239481145
0.5780205313
0.8918193530
0.1779538762
0.8931110125
0.1565267544
0.7287310532
0.5176898178
0.9198806602
0.5435554033
0.2734036182
0.1078680676
0.3763687393
0.1256695089
0.3989931828
0.7280562781
0.7663957116
0.3814726432
0.1759830506
0.5207129120
0.6665355551
0.3371941002
0.7587084772
0.3420267252
0.2412279336
0.4050317172
0.6978088427
0.3111853448
0.8435812939
0.6634972188
0.6987307653
0.7934828382
0.7461020196
0.3959622600
0.3884845385
0.1980160538
0.6891430644
0.3048140760
0.9757022381
0.3054410353
0.2479916127
0.0501671347
0.8593439962
0.0764925970
0.9228342736
0.9183932884
0.0084634695
0.0314282809
0.0094021983
0.0807311661
0.9255736516
0.8064142659
0.4748012707
0.3528115431
0.3675972131
0.8484343709
0.5870615955
0.5424141148
0.7655007143
0.8260817488
0.3967263447
0.2258523229
0.5752458150
0.9334143924
0.3688788377
0.4359290182
0.2230286644
0.3573064365
0.6789191098
0.7669047685
0.7913993249
0.3954206311
0.6578046260
0.2541561001
0.0436408497
0.8408966210
0.8150431372
0.9341546696
0.6484697222
0.4617125177
0.4221669328
0.0246925389
0.2886017412
0.3258516399
0.8381487425
